1.027159533814390713e+01
1.121555264209786351e+01
1.098374254528302529e+01
1.099864750309544981e+01
1.003284160283628346e+01
1.170551139832143228e+01
1.111470236033229853e+01
1.141888595635424686e+01
1.006627065607949945e+01
1.062204430969131153e+01
1.062825627645842808e+01
9.893649708130192622e+00
1.019249739033649504e+01
1.026584342445373643e+01
1.081917715965725613e+01
1.155408826231995789e+01
1.164348299805726050e+01
1.038521977467830659e+01
1.163373516053568224e+01
1.170901361304696486e+01
1.069312197582706858e+01
1.009175392039861308e+01
1.131543029405753664e+01
1.070730840312539911e+01
1.164030061687967255e+01
1.047629079464032209e+01
1.151495866076951202e+01
1.039798926344225727e+01
1.106660166417579561e+01
1.010995529270383742e+01
1.017418167385338279e+01
1.112411416571523048e+01
1.091013065453399200e+01
1.026832115940099222e+01
1.054654169324758328e+01
9.819683851144318965e+00
1.087300941631182916e+01
1.071470211521557836e+01
1.017853078307991588e+01
1.168631468380978689e+01
1.158517164746264427e+01
1.007841327067328763e+01
1.087904998792385491e+01
1.167363010713916260e+01
1.020801081142004385e+01
1.081043743753268416e+01
1.093303055364854970e+01
1.106442591262593567e+01
1.089140444894026416e+01
1.002030537580686520e+01
1.020767009101256839e+01
1.024117984372756140e+01
1.054549981956769678e+01
9.938545547125087865e+00
1.169967686023749565e+01
1.057782071958136427e+01
9.947257537766411417e+00
1.160837583087915625e+01
1.142260083489641787e+01
1.068344524312944266e+01
1.057335135468823317e+01
9.959264348921385235e+00
1.000642689842123545e+01
9.770158911789488698e+00
1.037210448369676996e+01
1.129776578000206833e+01
1.008142886024225859e+01
1.004250415280562692e+01
1.142183753562651205e+01
1.021378074069846598e+01
1.030905833603194566e+01
1.067158976743563414e+01
1.010650929296281397e+01
1.122164731427154649e+01
1.042949293321411908e+01
1.138624504023727546e+01
1.011476751494561199e+01
1.083598233120903487e+01
1.096978346634005419e+01
1.151841065043240064e+01
1.163128782072205247e+01
1.076166658012676969e+01
1.118863318183753286e+01
1.003997196069196818e+01
1.020600152905994484e+01
1.064300629860723291e+01
1.148334108994340497e+01
1.140175766161346083e+01
1.061228172247746038e+01
1.069716116385599314e+01
1.081315511677388486e+01
1.174261141515907880e+01
1.061451350506341917e+01
1.123926671885310569e+01
1.070206729474332619e+01
1.173968380312761184e+01
1.017966800233226898e+01
1.047798441275206827e+01
1.164984487916902722e+01
1.128489009749977079e+01
1.064002502619777069e+01
1.169565569813827821e+01
1.036689294718301646e+01
1.102378311096954810e+01
1.070589112259425946e+01
9.806782507126012405e+00
1.023255659794344297e+01
1.062744411444206882e+01
1.004870085516675715e+01
1.126867335466407560e+01
1.086364152283753626e+01
1.056308477527130840e+01
1.166434417643223576e+01
1.176750205827722162e+01
1.003979311698533294e+01
1.091313636425038069e+01
1.129388196640601194e+01
1.093152019635311056e+01
1.075478678677534283e+01
1.127588162282335205e+01
9.863359772452943375e+00
1.108173612357668247e+01
1.130072408581489363e+01
9.961535502269839526e+00
1.154907765233953754e+01
1.164520666827416484e+01
1.108922819227393575e+01
1.006177040173732529e+01
1.106258598218519396e+01
9.846878932860592570e+00
1.060568022188803106e+01
9.912160200490278683e+00
1.113403533093123521e+01
1.131839426263483261e+01
1.133235875044280050e+01
1.171623548006646054e+01
1.095962921017829039e+01
1.046055419295457156e+01
1.073960537368071577e+01
9.886217445353697286e+00
1.175751714204850273e+01
1.082967670947931182e+01
1.102557875960848222e+01
1.176768628619883650e+01
1.084603390735701645e+01
1.041044339430498944e+01
1.118210417914952082e+01
9.772092996609496041e+00
1.049363060183915053e+01
1.010432339557149284e+01
1.124874882269271303e+01
1.143934820504603067e+01
1.171693889779768760e+01
1.070116882665856295e+01
9.874781838075875839e+00
1.001771017171029321e+01
1.107197306033593165e+01
9.993082070440161502e+00
9.875933176135959002e+00
1.153176072988203771e+01
1.104732190670862657e+01
1.127865159138897155e+01
1.001731007766885995e+01
1.124171218291264829e+01
1.011343572555625592e+01
1.052866310690868623e+01
1.151576177065333972e+01
9.770120600888706264e+00
1.167879762278528233e+01
1.108822708168719195e+01
1.027972638216505885e+01
1.056127318904198553e+01
1.100423377383020274e+01
9.839798645934738630e+00
1.079110759239676121e+01
1.051186615130376367e+01
9.974393499213219272e+00
1.111855577133655082e+01
9.827039573229683356e+00
1.026994533649567032e+01
9.837925265046612466e+00
1.145417641420349675e+01
1.157570146946643952e+01
9.826114869591187073e+00
9.879101943729505564e+00
1.164683566413560456e+01
1.079507292219900982e+01
1.051688085254337679e+01
1.028813256035257595e+01
1.020557179298213768e+01
9.887313472246926693e+00
1.161825269690544893e+01
1.117970586905840413e+01
1.030165300509215776e+01
1.176891447805524926e+01
1.018103981094541410e+01
1.096676207845764495e+01
1.067680230251742834e+01
1.152550689508893988e+01
9.837712779928867946e+00
1.111429292664821666e+01
1.029327886191286545e+01
1.059756774665229173e+01
1.136559303609036498e+01
1.102178021800915531e+01
1.100564308810004022e+01
1.095988439275608783e+01
1.003202250730491585e+01
1.083194661805143788e+01
1.151131326494600238e+01
1.133617188509043316e+01
1.148264057071799371e+01
1.114072828890412659e+01
1.080036020136218511e+01
1.162522796239529121e+01
1.149624957328950892e+01
1.122381067044334557e+01
1.007897567071517209e+01
1.153865420124239449e+01
1.053323819158449126e+01
1.057248314025266112e+01
1.002843745110589779e+01
1.039146947938194820e+01
1.034513318200424337e+01
1.102196671800102834e+01
1.113676518417542738e+01
1.088014594542659808e+01
1.005513988456851848e+01
1.125531904800417493e+01
1.111534328381653758e+01
1.078724063026714752e+01
1.135247748210554697e+01
1.101214553212509806e+01
1.049228810990170935e+01
1.109154071732886671e+01
1.077510693560695465e+01
1.041430548612751217e+01
1.093732896086264184e+01
1.166414931589224580e+01
9.847657080879503866e+00
1.101942786121727025e+01
1.055041819970435313e+01
1.084519039443611099e+01
1.171197306078702560e+01
9.747693204345827311e+00
1.115136237202055192e+01
1.011779423376947662e+01
1.029985476734850813e+01
1.043575259580260450e+01
1.053434594658935275e+01
1.114160072590079764e+01
1.011232868173353516e+01
1.003548171922873422e+01
1.082101451191583408e+01
1.055175803506345567e+01
1.030944246516560625e+01
9.962592059662364719e+00
1.076593217593869056e+01
1.045846290083341046e+01
1.097742108172533193e+01
9.971363739293906292e+00
1.131910276395841386e+01
1.100591739557491699e+01
1.159297954561934851e+01
9.803943123930723758e+00
1.088711813024218067e+01
1.058474914641400133e+01
1.135284191819993715e+01
1.009284005759964664e+01
1.076880910955599546e+01
1.084417459743473344e+01
1.135791377794417301e+01
1.033700672111519481e+01
1.006008095533617741e+01
1.131119717529282731e+01
1.086666662934465144e+01
1.116200794886825776e+01
1.115894475059880442e+01
1.023585443180450838e+01
1.009101245178813677e+01
1.047164906624742997e+01
1.053545037589490896e+01
1.094069439577924996e+01
9.974518240678076353e+00
1.163858474721046399e+01
1.059236742798890418e+01
1.159735354006983243e+01
1.018567346565331455e+01
9.908673105080541887e+00
1.123138823372238626e+01
1.043584612829645408e+01
1.086738908812847448e+01
9.883651645631767124e+00
1.055324937126707496e+01
1.123241741839716745e+01
9.925809579876339939e+00
1.137002805639572856e+01
1.135277431705013385e+01
1.072033588475117050e+01
1.090940227196329637e+01
1.099967648581275803e+01
1.006719499878069080e+01
1.003451165560633918e+01
1.048132054136930336e+01
1.109392117796737232e+01
1.012047081309221852e+01
9.935438920387506201e+00
1.101138588482109348e+01
1.151857601223708194e+01
1.134516902791714621e+01
1.164903851969777371e+01
1.049484016893383931e+01
1.140511376037443547e+01
1.013157195503667474e+01
9.928786152214922112e+00
1.129898259214388290e+01
1.047223646672830455e+01
1.074533204686162335e+01
1.001528144510575302e+01
1.102315510711329871e+01
1.154418596983598455e+01
9.869266864633846836e+00
9.898577972246004109e+00
1.041437629151785949e+01
1.030670569675865522e+01
1.089103038888866060e+01
1.015624601320721254e+01
1.101098726992880295e+01
1.066328156088479417e+01
1.023598339016606040e+01
1.169234057226405277e+01
9.959471437453734310e+00
1.038965313566887794e+01
1.091715782999328788e+01
1.055254450488714468e+01
1.101878034269240736e+01
1.046059523991927165e+01
9.864319610957194229e+00
9.947373286575773577e+00
1.146748732563413853e+01
9.988878920381921489e+00
1.070103964230823657e+01
1.115402950430234164e+01
1.065217273575307111e+01
1.049612192323208859e+01
1.127193414153664364e+01
9.818988266582605817e+00
1.095414170227962636e+01
1.072318161435290307e+01
1.020550250129337222e+01
1.042686849645002489e+01
1.094754058802882568e+01
1.101978899612621809e+01
1.001183062469011098e+01
1.066664963141944966e+01
1.070617728890463916e+01
1.156417986460962410e+01
1.152510932599681226e+01
9.787446250353605492e+00
9.781921730250330071e+00
1.070133858858184794e+01
1.025962638015751160e+01
1.088907663136534865e+01
9.832524383464008366e+00
1.114547824682045096e+01
1.092491618968123390e+01
1.048897997332677612e+01
1.088100533911223877e+01
1.101964702600790602e+01
9.989857909301820271e+00
9.974902012809030438e+00
1.029530082190295026e+01
1.122326826078350770e+01
1.137614610078955124e+01
1.058853191784902492e+01
9.981948547164098073e+00
1.016006330566884230e+01
1.095904913506801748e+01
1.006652971895507243e+01
1.076796399607505528e+01
1.033222905730359820e+01
1.113815493201423301e+01
1.116208094878621715e+01
1.016053406797533043e+01
1.028505173061923195e+01
1.066031528205882317e+01
1.109867421116505781e+01
1.033049574244285829e+01
1.124140360466579480e+01
9.780406042825486423e+00
1.044704344847336053e+01
1.010049838563175584e+01
9.810622491036502524e+00
1.063061704665063800e+01
1.162216678635994782e+01
1.089505199708303529e+01
1.174313946935987474e+01
1.084416505340453973e+01
1.027984657135180235e+01
1.165767932815352381e+01
1.055973234158390284e+01
1.055380962042169024e+01
9.958567503381834385e+00
1.117904309540186958e+01
1.011077225204370045e+01
1.105724984919643461e+01
1.120805280364856671e+01
1.064015900870638376e+01
1.156378308547011535e+01
1.128562429519054255e+01
1.041425992479624263e+01
1.099069200959307047e+01
1.044775167127267679e+01
1.072193631547137649e+01
1.114220326397673055e+01
1.168772532067985637e+01
1.122558203114379971e+01
1.170759637327654268e+01
9.763506783311713733e+00
1.149841772993086408e+01
1.077190953981016719e+01
1.087582834555506572e+01
1.003134703575059739e+01
1.091521683698928769e+01
1.011461073843788228e+01
1.087106083045775584e+01
1.006102631227307498e+01
1.025403365211447060e+01
1.073448746331714965e+01
1.039465921064142861e+01
9.864920433953049184e+00
1.157185625296265208e+01
1.155405627046332917e+01
1.101458148797788716e+01
1.065802213877362448e+01
1.019969807378648596e+01
1.132267563128163879e+01
1.032772006568311340e+01
9.983695658692123942e+00
9.987825670933380806e+00
1.029961913686133101e+01
1.074704018972140673e+01
1.004215793677528801e+01
9.942612635992599479e+00
1.004204598694684414e+01
1.036920914496616319e+01
9.846722559166762423e+00
1.081035971461598777e+01
1.005567725274170776e+01
9.771992375994893010e+00
1.125868454954419562e+01
1.105112211518562049e+01
1.126813226646339849e+01
9.968200260988625772e+00
1.063354556488276437e+01
9.830434533295342447e+00
1.119968612143210862e+01
1.059643683982680429e+01
1.111418002354767331e+01
1.039782975364685669e+01
1.004326695534101788e+01
1.066691670839925621e+01
1.114659450266294627e+01
1.139010511277829885e+01
1.015625154953531606e+01
1.177441357324459581e+01
1.044810031724383848e+01
1.018590424377234349e+01
1.030674754681531091e+01
1.042947890752174267e+01
1.164825628722545758e+01
1.052719697695142465e+01
1.148780832061768997e+01
1.055630236612016404e+01
1.019719906221823003e+01
9.813878624652069504e+00
1.173431085060758683e+01
1.096996298466030950e+01
1.091066845413124931e+01
1.169596956268300048e+01
1.102110891511096824e+01
9.899965970680534966e+00
1.001634704959788991e+01
1.099165538956765253e+01
9.871556788522600101e+00
1.023426682677437327e+01
1.102188297078507340e+01
1.135378422409357313e+01
1.129420046880932738e+01
1.089417680882090878e+01
1.057005393427692397e+01
1.125066088060828662e+01
1.062981388235505342e+01
1.071549898223213759e+01
1.044440472893786165e+01
1.031075086429064847e+01
9.957280882908637665e+00
1.020777838962539263e+01
1.074260343971572240e+01
1.170905584153858747e+01
