1 1 1 1 1
1 1 1 1 1
1 1 1 1 1
1 1 1 1 1
1 1 1 1 1
1 1 1 1 1
1 1 1 1 1
1 1 1 1 1
1 1 1 1 1
1 1 1 1 1
1 1 1 1 1
1 1 1 1 1
1 1 1 1 1
1 1 1 1 1
1 1 1 1 1
1 1 1 1 1
1 1 1 1 1
1 1 1 1 1
1 0 0 0 0
1 1 1 1 1
1 1 1 1 1
1 1 1 1 1
1 1 1 1 1
1 1 1 1 1
1 1 1 1 1
1 0 0 0 0
1 1 1 1 1
1 1 1 1 1
1 1 1 1 1
1 1 1 1 1
1 1 1 1 1
1 1 1 1 1
1 1 1 1 1
1 1 1 1 1
1 1 1 1 1
1 1 1 1 1
1 1 1 1 1
1 1 1 1 1
1 1 1 1 1
1 1 1 1 1
1 1 1 1 1
1 1 1 1 1
1 1 1 1 1
1 1 1 1 1
1 1 1 1 1
1 1 1 1 1
1 1 1 1 1
1 1 1 1 1
1 1 1 1 1
1 1 1 1 1
2 5 2 3 2
2 4 4 2 2
2 5 5 2 2
2 1 1 2 1
2 5 5 3 3
2 5 2 2 2
2 1 1 2 1
2 5 5 2 2
2 5 5 2 2
2 5 5 2 2
2 5 5 3 3
2 5 5 2 2
2 5 5 2 2
2 5 5 3 3
2 5 2 2 2
2 5 5 3 3
2 5 5 2 2
2 5 5 3 3
2 5 5 2 2
2 5 5 2 2
2 5 2 2 2
2 5 2 2 2
2 5 2 2 2
2 5 2 3 2
2 5 5 2 2
2 5 5 3 3
2 5 5 3 3
2 1 1 2 1
2 5 2 2 2
2 5 2 2 2
2 4 2 2 2
2 5 5 3 3
2 1 1 1 1
2 5 2 2 2
2 5 5 3 3
2 5 5 3 3
2 5 5 2 2
2 5 1 1 1
2 5 5 2 2
2 5 5 3 3
2 5 2 3 2
2 5 5 3 3
2 5 5 3 3
2 4 4 3 3
2 5 5 2 2
2 4 4 3 3
2 5 5 2 2
2 5 5 2 2
2 5 5 2 2
2 5 5 3 3
3 8 8 3 3
3 7 7 4 4
3 8 6 3 3
3 8 8 3 3
3 7 7 3 3
3 8 8 4 4
3 8 8 2 2
3 8 5 3 3
3 8 8 3 3
3 8 8 3 3
3 8 6 3 3
3 8 6 4 4
3 8 8 3 3
3 8 6 3 3
3 8 8 2 2
3 8 8 3 3
3 8 8 3 3
3 5 5 3 3
3 8 6 2 2
3 8 8 4 3
3 8 8 3 3
3 8 6 4 4
3 8 6 3 3
3 8 8 4 4
3 8 8 4 3
3 8 8 4 3
3 8 6 3 3
3 8 8 4 3
3 8 8 3 3
3 8 8 3 3
3 8 8 4 4
3 8 6 3 3
3 8 5 4 4
3 8 2 2 2
3 8 8 4 3
3 8 8 3 3
3 8 6 3 3
3 5 5 4 3
3 7 7 4 3
3 8 6 3 3
3 8 6 2 2
3 8 6 3 3
3 8 8 4 3
3 5 1 1 1
3 5 5 4 3
3 5 5 3 3
3 8 5 3 3
3 5 5 4 4
3 8 6 3 3
3 8 6 3 3
4 11 9 3 3
4 11 11 2 2
4 11 11 4 3
4 11 9 4 4
4 11 6 6 4
4 8 8 3 3
4 11 7 3 3
4 8 8 5 5
4 8 6 6 6
4 11 8 5 4
4 10 9 3 3
4 11 7 3 3
4 10 8 4 4
4 11 7 3 3
4 11 8 3 3
4 11 11 3 3
4 8 6 6 4
4 11 9 3 3
4 11 9 3 3
4 11 9 3 3
4 11 8 6 6
4 11 8 4 4
4 10 10 5 5
4 11 11 4 4
4 11 9 3 3
4 11 9 4 4
4 8 8 5 4
4 10 8 4 3
4 11 9 4 4
4 11 11 5 5
4 11 9 3 3
4 11 9 3 3
4 11 9 6 4
4 11 6 4 4
4 11 11 5 4
4 11 9 5 4
4 10 10 2 2
4 11 11 5 4
4 8 8 4 3
4 10 10 5 5
4 11 8 4 4
4 8 8 6 4
4 11 9 4 3
4 11 9 3 3
4 11 8 3 3
4 10 7 6 6
4 8 8 3 3
4 8 8 3 3
4 11 9 5 5
4 8 8 4 4
5 11 9 6 4
5 14 9 7 7
5 11 11 6 6
5 14 9 6 6
5 14 11 4 3
5 14 9 7 6
5 14 11 4 4
5 14 10 6 5
5 13 9 6 6
5 11 9 4 4
5 14 10 6 4
5 14 10 3 3
5 14 10 7 7
5 13 11 6 6
5 14 12 4 4
5 14 12 6 4
5 13 10 7 7
5 14 9 7 7
5 5 5 3 3
5 11 7 6 4
5 14 14 5 4
5 14 10 6 6
5 14 10 6 4
5 13 10 6 6
5 14 14 6 6
5 14 12 4 4
5 14 12 6 6
5 14 10 6 6
5 13 12 6 6
5 14 10 7 7
5 11 11 4 4
5 11 11 4 3
5 14 12 6 6
5 11 8 5 5
5 11 8 7 7
5 11 11 7 6
5 14 9 7 4
5 14 10 6 4
5 11 9 6 4
5 14 14 6 4
5 11 11 6 6
5 11 8 7 6
5 14 7 7 7
5 14 9 3 3
5 14 11 4 4
5 11 11 7 6
5 11 11 6 6
5 10 8 7 4
5 14 10 7 7
5 14 9 7 4
6 17 14 7 7
6 17 14 7 7
6 17 13 7 7
6 14 14 6 6
6 14 12 6 6
6 17 15 7 7
6 14 10 4 4
6 16 11 6 7
6 13 13 7 7
6 17 10 6 7
6 14 10 7 4
6 17 13 7 7
6 14 12 5 5
6 17 13 7 7
6 14 11 7 7
6 16 10 7 7
6 14 12 6 6
6 11 11 6 6
6 17 10 7 7
6 16 10 6 6
6 17 12 6 6
6 17 11 6 7
6 17 13 4 4
6 17 15 7 7
6 16 8 5 5
6 14 12 6 6
6 17 12 7 7
6 14 12 6 6
6 17 12 7 7
6 11 11 4 3
6 17 10 7 4
6 14 12 7 7
6 11 9 7 7
6 14 9 6 6
6 17 12 7 7
6 11 11 7 7
6 17 12 7 7
6 17 15 7 7
6 17 11 6 6
6 17 9 7 4
6 14 12 7 7
6 17 12 6 7
6 14 14 4 4
6 17 11 7 6
6 17 12 6 6
6 14 11 6 6
6 14 14 7 7
6 14 11 6 6
6 17 12 7 7
6 17 11 6 7
7 17 15 7 7
7 19 10 7 7
7 20 13 7 7
7 14 11 6 6
7 20 15 7 7
7 17 13 8 7
7 20 14 7 7
7 20 14 7 7
7 17 15 6 6
7 16 13 8 7
7 17 13 7 7
7 17 13 8 7
7 17 14 8 8
7 17 12 8 8
7 20 12 8 8
7 20 16 8 8
7 20 13 7 7
7 19 14 7 7
7 20 15 8 7
7 17 17 7 7
7 17 15 8 8
7 17 17 8 7
7 16 15 7 7
7 13 11 6 6
7 20 15 7 7
7 20 14 7 7
7 17 12 6 6
7 20 10 7 7
7 17 14 7 7
7 19 12 7 7
7 17 13 7 7
7 17 10 7 7
7 20 14 8 8
7 16 13 6 6
7 17 13 5 5
7 14 12 7 7
7 20 12 7 7
7 20 15 7 7
7 20 12 8 7
7 20 13 7 7
7 20 13 7 7
7 14 10 6 7
7 20 12 6 6
7 14 10 7 7
7 17 11 7 7
7 19 14 6 8
7 20 11 6 6
7 20 9 7 7
7 20 13 7 7
7 17 12 7 6
8 20 12 7 7
8 16 14 7 8
8 17 12 8 7
8 23 16 7 7
8 22 13 7 7
8 20 13 7 8
8 20 13 7 8
8 14 15 8 7
8 23 16 8 8
8 20 15 7 8
8 20 15 7 7
8 20 14 7 7
8 19 15 8 8
8 22 18 7 8
8 20 16 8 8
8 23 17 8 7
8 23 15 7 7
8 23 16 7 7
8 19 14 7 7
8 22 17 7 8
8 23 17 7 7
8 17 12 6 7
8 23 16 8 8
8 20 18 8 8
8 19 14 7 7
8 23 18 6 6
8 17 13 8 7
8 22 14 7 7
8 20 15 9 8
8 23 18 8 7
8 23 17 8 8
8 16 11 7 7
8 20 16 7 7
8 20 12 9 8
8 23 17 8 7
8 23 14 8 7
8 23 14 7 7
8 22 14 8 8
8 20 16 8 8
8 23 15 7 7
8 20 18 8 7
8 19 15 6 6
8 23 13 8 8
8 20 14 8 8
8 19 16 8 7
8 22 13 7 7
8 20 14 8 8
8 23 16 7 8
8 19 15 8 7
8 22 16 8 8
9 26 20 7 8
9 26 14 10 8
9 17 15 8 8
9 23 15 8 8
9 26 17 8 8
9 20 14 8 8
9 22 18 10 8
9 26 16 8 8
9 23 16 8 7
9 25 15 7 7
9 20 18 8 8
9 19 15 8 8
9 23 20 8 7
9 26 17 7 7
9 23 17 6 7
9 22 19 9 8
9 26 18 7 8
9 20 15 8 8
9 23 18 7 7
9 26 15 8 8
9 26 16 9 9
9 23 19 9 9
9 20 13 9 7
9 23 17 8 8
9 20 14 7 9
9 23 19 10 10
9 26 14 8 8
9 25 17 10 8
9 19 15 9 8
9 26 17 8 8
9 26 14 8 8
9 26 16 9 8
9 23 16 8 8
9 20 17 7 6
9 19 15 9 8
9 25 16 9 9
9 23 15 8 7
9 23 16 8 7
9 23 15 8 8
9 25 12 7 7
9 17 18 9 9
9 25 17 9 8
9 22 16 8 8
9 20 15 8 8
9 26 20 8 8
9 23 18 8 8
9 25 18 8 8
9 22 17 7 8
9 22 15 8 8
9 17 15 8 8
10 23 15 9 8
10 29 16 8 8
10 26 22 8 8
10 26 20 9 8
10 26 18 8 8
10 23 21 10 8
10 26 18 7 7
10 26 16 6 6
10 26 20 7 8
10 23 16 8 8
10 26 16 8 8
10 19 16 10 8
10 25 17 8 8
10 26 21 8 8
10 25 17 8 8
10 26 20 10 8
10 26 16 10 9
10 22 19 8 8
10 26 16 8 8
10 23 17 7 8
10 23 15 9 8
10 25 16 7 7
10 23 20 10 8
10 22 13 9 8
10 29 19 8 8
10 19 14 8 8
10 22 16 10 8
10 26 16 8 8
10 23 16 10 8
10 26 20 10 8
10 26 15 11 9
10 26 19 9 9
10 22 19 9 8
10 29 18 7 8
10 20 15 8 8
10 25 15 7 7
10 23 21 8 8
10 28 23 8 8
10 26 16 7 8
10 23 15 8 8
10 26 22 9 8
10 26 21 11 8
10 26 19 7 7
10 25 16 6 6
10 26 15 7 7
10 25 20 8 7
10 20 16 10 8
10 22 17 9 9
10 26 16 10 8
10 29 22 9 9
11 31 15 9 9
11 26 21 8 8
11 29 17 8 8
11 25 19 8 8
11 28 15 11 9
11 26 21 8 8
11 29 17 7 7
11 29 18 10 9
11 28 17 8 8
11 25 18 9 8
11 26 18 12 8
11 26 18 8 8
11 26 20 10 8
11 32 23 11 11
11 32 20 9 8
11 20 18 10 11
11 22 18 8 7
11 32 18 9 9
11 25 17 9 8
11 20 17 11 8
11 28 18 10 9
11 29 19 9 9
11 31 22 11 8
11 32 17 7 7
11 29 22 9 8
11 32 19 12 9
11 28 17 8 8
11 26 18 8 7
11 26 17 8 8
11 29 18 10 10
11 29 19 8 7
11 26 21 11 9
11 25 17 11 8
11 26 19 11 9
11 26 17 7 7
11 25 20 9 8
11 23 18 11 10
11 22 16 9 8
11 28 16 11 9
11 26 18 10 9
11 26 16 8 8
11 29 18 11 9
11 29 19 9 8
11 29 20 11 9
11 29 21 9 8
11 26 17 11 11
11 26 16 9 8
11 26 18 11 8
11 23 17 8 7
11 26 17 9 9
12 32 21 12 11
12 29 20 10 10
12 23 19 10 9
12 26 20 9 8
12 32 16 8 8
12 31 19 7 7
12 32 23 11 11
12 31 22 9 8
12 26 19 10 8
12 25 18 9 9
12 26 17 9 9
12 32 22 10 8
12 35 18 11 11
12 34 24 11 11
12 29 20 11 9
12 28 17 11 11
12 25 18 10 8
12 32 21 11 8
12 35 27 10 8
12 29 20 11 11
12 26 20 9 8
12 32 18 10 9
12 32 26 11 8
12 28 19 11 10
12 20 19 12 8
12 32 22 10 9
12 29 20 11 8
12 28 17 11 11
12 22 18 11 9
12 25 19 8 8
12 29 19 9 8
12 35 21 10 8
12 26 20 12 11
12 35 23 10 9
12 34 20 10 8
12 23 20 11 11
12 28 17 10 8
12 26 20 8 8
12 26 18 11 9
12 32 19 9 9
12 29 20 11 11
12 29 22 11 9
12 31 19 10 8
12 32 22 10 8
12 29 19 11 11
12 35 20 12 10
12 29 20 10 8
12 35 19 11 10
12 29 20 10 8
12 29 23 9 9
13 25 21 11 9
13 29 20 7 7
13 29 19 10 10
13 31 18 11 8
13 34 20 11 8
13 37 21 10 10
13 31 17 11 9
13 25 19 10 12
13 28 19 9 7
13 29 19 9 9
13 32 19 12 9
13 26 21 11 8
13 35 27 12 12
13 35 21 11 9
13 35 18 7 7
13 35 26 10 12
13 32 20 11 9
13 31 22 10 9
13 35 25 10 10
13 29 20 10 8
13 29 19 11 11
13 26 20 8 8
13 31 22 12 12
13 29 17 9 8
13 25 16 9 8
13 25 18 11 10
13 26 16 8 8
13 32 23 11 8
13 32 19 11 10
13 32 19 12 12
13 29 19 10 8
13 26 19 12 10
13 35 24 11 11
13 32 23 11 10
13 29 22 7 7
13 34 21 9 8
13 32 17 10 11
13 25 20 11 12
13 35 20 9 8
13 29 18 9 9
13 35 22 11 8
13 29 19 12 10
13 34 19 11 9
13 29 23 11 9
13 29 20 10 9
13 34 22 11 9
13 31 19 10 8
13 32 18 11 8
13 35 23 10 8
13 35 21 10 8
14 35 21 11 9
14 37 22 11 11
14 32 23 11 11
14 34 23 10 10
14 29 20 12 9
14 32 19 12 9
14 32 22 12 12
14 31 21 8 7
14 29 22 11 10
14 37 23 10 12
14 31 18 11 9
14 32 22 10 8
14 32 23 11 12
14 35 21 12 12
14 35 17 10 8
14 37 18 11 10
14 28 22 8 8
14 32 23 12 8
14 35 20 11 12
14 31 21 12 12
14 32 23 12 12
14 38 25 10 12
14 34 20 11 11
14 32 22 11 10
14 37 21 12 11
14 38 18 10 10
14 32 22 11 11
14 31 20 10 10
14 34 22 11 11
14 26 19 11 11
14 38 21 11 11
14 37 20 13 11
14 38 22 12 12
14 32 20 12 12
14 35 23 9 8
14 32 22 10 11
14 35 20 8 8
14 35 23 12 9
14 34 21 11 8
14 34 20 7 8
14 38 23 10 10
14 28 19 11 9
14 38 24 10 11
14 29 17 10 8
14 35 22 11 9
14 31 22 11 11
14 38 22 11 11
14 32 23 9 8
14 32 26 11 11
14 35 25 11 9
15 31 23 13 12
15 35 24 13 12
15 26 23 11 10
15 32 22 11 10
15 35 23 11 9
15 40 24 12 11
15 34 21 12 12
15 35 23 13 11
15 32 22 11 12
15 31 20 12 11
15 41 26 12 12
15 29 21 12 12
15 38 21 12 9
15 31 25 13 12
15 41 22 11 12
15 38 23 12 10
15 32 22 13 11
15 35 20 13 9
15 34 21 11 9
15 32 21 13 11
15 37 24 11 11
15 38 24 12 8
15 35 23 11 11
15 35 21 11 11
15 26 20 13 9
15 37 22 12 11
15 37 23 12 11
15 31 20 11 11
15 40 25 12 11
15 40 21 11 11
15 37 22 12 11
15 32 22 12 11
15 35 25 11 9
15 32 19 13 11
15 38 22 11 10
15 34 18 12 12
15 37 25 10 9
15 38 23 12 10
15 32 21 9 8
15 38 26 12 9
15 29 23 12 9
15 38 24 11 11
15 35 22 11 8
15 35 23 12 11
15 35 22 11 12
15 34 22 12 11
15 38 25 12 11
15 35 23 12 10
15 28 23 12 12
15 35 21 11 11
16 44 24 11 9
16 32 24 10 12
16 38 22 11 10
16 41 29 12 12
16 35 23 12 12
16 38 24 12 12
16 41 25 12 13
16 37 26 12 9
16 40 27 13 11
16 34 22 12 12
16 38 22 11 8
16 46 21 13 12
16 40 22 12 9
16 40 24 11 12
16 31 22 13 12
16 37 27 11 12
16 38 21 12 9
16 38 24 14 13
16 38 20 12 9
16 32 20 13 12
16 37 24 12 12
16 47 24 12 11
16 38 25 12 12
16 41 23 14 12
16 35 25 12 12
16 38 26 12 11
16 41 25 12 11
16 32 26 13 12
16 43 24 11 11
16 37 22 12 11
16 35 22 12 11
16 32 22 13 12
16 35 22 12 12
16 38 26 8 8
16 41 23 11 11
16 29 22 13 12
16 37 22 13 11
16 38 25 11 11
16 31 27 11 11
16 35 23 11 12
16 35 20 12 12
16 32 21 11 11
16 32 24 12 12
16 43 26 11 12
16 41 25 12 12
16 38 22 12 12
16 38 26 11 11
16 35 21 13 9
16 35 25 13 12
16 35 22 11 8
17 38 20 11 11
17 34 23 13 12
17 44 23 12 12
17 46 25 13 13
17 31 24 12 9
17 38 25 11 8
17 32 23 12 13
17 44 24 15 13
17 41 24 13 11
17 37 25 12 12
17 47 26 15 13
17 41 24 11 11
17 41 23 12 13
17 37 22 11 11
17 34 22 11 11
17 43 23 13 13
17 47 27 13 12
17 41 26 12 11
17 38 27 13 12
17 41 21 12 13
17 40 25 14 12
17 26 19 11 8
17 37 26 12 11
17 40 26 13 12
17 41 23 11 12
17 38 25 12 11
17 41 28 13 11
17 35 21 12 12
17 44 26 13 13
17 35 24 12 12
17 41 28 14 12
17 44 26 13 13
17 43 25 12 12
17 47 30 13 12
17 38 26 13 12
17 32 25 12 13
17 35 26 12 12
17 34 22 12 11
17 40 24 13 12
17 44 27 11 12
17 35 24 13 13
17 37 27 9 8
17 34 21 10 11
17 28 19 14 13
17 44 23 11 10
17 43 25 12 12
17 41 24 11 13
17 34 24 13 12
17 44 23 13 12
17 40 25 13 12
18 38 26 14 12
18 37 26 12 12
18 43 25 13 13
18 41 26 12 12
18 44 21 12 11
18 38 24 13 13
18 40 26 13 12
18 38 27 12 12
18 40 25 12 13
18 40 27 12 12
18 29 21 16 13
18 40 28 13 12
18 35 23 14 12
18 41 26 11 12
18 41 21 12 12
18 44 23 12 11
18 43 23 15 13
18 35 24 12 12
18 32 25 13 12
18 46 29 12 12
18 40 24 10 12
18 35 26 15 13
18 38 26 14 12
18 41 29 16 13
18 37 25 14 12
18 41 24 12 11
18 37 25 12 12
18 41 26 13 12
18 38 25 14 13
18 41 29 12 13
18 40 26 11 13
18 34 20 14 12
18 46 28 13 13
18 43 23 12 12
18 43 22 12 12
18 41 33 13 12
18 43 29 12 12
18 34 27 12 12
18 41 24 12 11
18 37 25 13 12
18 43 28 12 11
18 41 23 13 12
18 38 24 15 10
18 32 26 11 11
18 46 27 11 11
18 43 26 13 12
18 38 25 12 13
18 44 25 13 12
18 32 22 13 12
18 44 27 12 12
19 38 28 13 13
19 41 27 10 11
19 37 31 11 11
19 38 27 12 13
19 38 26 14 12
19 44 28 11 12
19 41 28 13 13
19 38 26 12 12
19 47 25 12 13
19 41 23 12 13
19 38 23 11 11
19 55 29 12 12
19 44 29 12 13
19 41 28 14 12
19 44 30 13 13
19 43 26 13 13
19 44 27 13 11
19 43 26 13 13
19 41 25 12 11
19 38 25 12 12
19 46 27 13 13
19 46 24 13 12
19 38 27 15 12
19 40 26 13 13
19 44 28 13 12
19 44 26 12 12
19 35 26 12 12
19 47 22 12 12
19 38 21 13 11
19 41 25 16 13
19 50 28 13 13
19 43 26 11 11
19 50 26 15 13
19 44 24 13 13
19 41 25 12 14
19 40 26 12 11
19 43 30 13 13
19 38 27 15 13
19 38 26 12 12
19 53 29 13 13
19 47 29 13 12
19 47 29 15 13
19 41 28 15 13
19 41 24 14 13
19 47 27 12 12
19 43 27 14 12
19 46 27 13 13
19 49 26 12 12
19 40 25 12 13
19 44 24 15 12
20 40 27 13 13
20 40 28 14 12
20 40 24 14 12
20 44 33 13 13
20 40 25 12 12
20 47 29 15 13
20 44 28 16 13
20 47 25 14 13
20 31 23 15 13
20 47 26 12 13
20 46 28 14 13
20 38 27 13 12
20 44 24 16 12
20 46 30 15 13
20 41 24 12 12
20 41 26 13 13
20 40 30 12 11
20 41 28 14 14
20 44 25 13 12
20 43 26 12 13
20 40 28 12 13
20 43 22 12 13
20 41 26 16 13
20 46 27 15 12
20 38 27 16 14
20 50 29 15 12
20 43 25 14 12
20 43 24 13 13
20 40 30 13 12
20 43 31 13 13
20 41 29 11 12
20 46 25 11 12
20 44 33 15 13
20 47 27 16 12
20 53 28 12 13
20 46 27 13 12
20 47 24 12 13
20 47 28 13 13
20 43 30 13 12
20 44 25 13 13
20 43 28 12 12
20 41 25 13 12
20 41 28 12 12
20 44 29 13 13
20 44 26 15 12
20 50 29 15 12
20 43 26 14 12
20 40 29 13 12
20 49 27 15 13
20 46 34 14 12
21 49 32 13 12
21 43 30 11 13
21 44 27 13 13
21 46 28 17 13
21 41 29 14 13
21 43 29 13 13
21 43 27 12 12
21 44 30 15 12
21 46 31 15 13
21 46 25 15 13
21 41 27 16 14
21 46 26 15 13
21 44 31 11 13
21 46 29 16 13
21 50 27 12 11
21 47 29 14 12
21 52 29 14 12
21 49 28 15 12
21 38 21 15 13
21 47 31 11 13
21 41 29 13 12
21 44 27 16 16
21 50 26 16 16
21 52 30 16 13
21 37 30 14 12
21 37 25 13 11
21 40 27 15 13
21 49 30 13 13
21 43 29 13 12
21 35 22 12 12
21 44 27 14 13
21 47 25 16 13
21 52 28 13 11
21 49 30 12 12
21 43 30 14 13
21 52 29 13 13
21 53 29 16 13
21 41 29 14 12
21 43 29 11 13
21 37 25 12 12
21 40 23 14 13
21 46 29 17 15
21 37 23 15 16
21 46 27 15 14
21 41 27 16 13
21 49 26 13 13
21 47 25 13 13
21 40 28 13 13
21 43 27 15 12
21 50 32 15 13
22 50 36 13 12
22 47 30 16 13
22 49 27 13 12
22 38 27 12 12
22 44 29 16 13
22 50 31 15 15
22 52 26 15 14
22 37 26 16 13
22 44 32 16 12
22 44 28 15 15
22 38 28 15 13
22 38 27 17 14
22 38 25 13 13
22 47 28 15 14
22 49 27 13 12
22 55 33 16 13
22 32 27 16 12
22 44 30 16 14
22 47 32 14 16
22 52 27 15 13
22 38 28 16 12
22 56 33 11 12
22 46 25 16 13
22 50 33 15 14
22 43 28 12 12
22 40 34 13 13
22 43 28 14 11
22 47 33 12 12
22 44 26 15 15
22 43 27 13 13
22 44 29 13 13
22 40 29 14 13
22 47 29 14 13
22 50 27 15 13
22 40 26 15 13
22 41 30 14 12
22 44 24 12 12
22 50 29 17 13
22 49 28 16 13
22 49 29 16 13
22 47 30 17 13
22 52 32 15 14
22 47 28 13 13
22 53 27 15 15
22 47 30 15 13
22 46 28 13 13
22 52 30 16 14
22 44 29 12 13
22 41 31 16 12
22 44 30 12 14
23 40 32 16 13
23 55 30 13 13
23 47 30 15 13
23 47 27 17 16
23 40 31 14 14
23 50 32 16 14
23 43 31 16 13
23 37 22 13 13
23 41 28 13 13
23 49 32 15 13
23 44 26 15 14
23 49 30 16 16
23 53 30 15 14
23 49 29 13 13
23 55 28 12 14
23 49 29 15 15
23 46 29 15 14
23 52 34 15 14
23 40 30 15 13
23 37 26 16 12
23 47 30 16 14
23 52 28 16 13
23 56 28 14 15
23 43 29 16 13
23 41 28 16 16
23 46 30 14 13
23 49 27 16 14
23 56 25 13 13
23 46 34 17 13
23 56 33 17 13
23 44 29 17 16
23 46 30 15 14
23 52 28 14 14
23 52 28 15 13
23 53 31 16 14
23 41 27 17 14
23 56 33 17 17
23 47 28 15 16
23 50 32 16 16
23 49 28 16 13
23 46 28 14 13
23 41 28 16 16
23 52 30 16 14
23 50 28 16 13
23 40 31 17 13
23 50 30 16 13
23 47 24 13 13
23 43 26 16 15
23 35 24 16 14
23 46 28 14 13
24 50 31 16 16
24 47 33 15 16
24 47 27 16 14
24 44 28 16 13
24 41 32 15 15
24 47 31 15 17
24 40 29 13 13
24 49 31 14 14
24 41 27 17 15
24 40 30 11 11
24 50 30 16 15
24 53 31 17 15
24 47 31 17 14
24 46 28 14 13
24 50 32 13 16
24 58 30 16 13
24 49 28 16 13
24 52 25 17 13
24 56 28 13 13
24 49 28 15 12
24 56 32 15 13
24 46 30 13 14
24 46 31 15 13
24 50 30 16 13
24 35 30 16 14
24 58 32 16 14
24 49 30 13 14
24 52 28 13 12
24 56 31 16 16
24 55 31 15 13
24 55 32 17 12
24 53 33 18 14
24 47 33 16 14
24 50 29 12 13
24 53 34 15 13
24 47 30 15 13
24 40 27 15 15
24 49 33 16 14
24 53 30 16 13
24 55 32 16 13
24 46 28 15 13
24 58 35 14 12
24 49 30 15 14
24 50 28 15 13
24 52 37 17 13
24 56 30 17 13
24 50 26 16 15
24 53 33 17 12
24 55 28 16 14
24 53 29 17 13
25 52 35 17 17
25 59 31 15 14
25 46 32 16 16
25 52 31 16 16
25 47 31 16 16
25 53 31 17 15
25 49 30 15 12
25 44 27 15 13
25 58 32 17 16
25 46 30 16 12
25 56 32 15 15
25 49 29 17 13
25 49 29 16 13
25 55 32 13 15
25 58 31 16 13
25 47 34 16 14
25 46 31 16 14
25 55 30 16 16
25 49 32 17 16
25 46 29 17 16
25 46 30 16 15
25 52 32 16 15
25 50 29 15 13
25 55 33 18 16
25 55 35 16 16
25 55 32 15 16
25 47 29 15 15
25 55 34 15 15
25 62 33 15 15
25 61 29 17 15
25 53 29 12 12
25 59 38 16 16
25 52 30 18 15
25 46 30 14 13
25 53 30 17 16
25 50 27 15 15
25 55 28 16 13
25 49 29 13 13
25 41 27 17 16
25 52 33 15 14
25 37 34 16 13
25 50 29 17 15
25 43 32 15 16
25 55 33 15 14
25 56 34 16 12
25 47 33 17 14
25 59 30 16 16
25 53 35 17 13
25 44 27 16 16
25 53 34 14 13
26 53 32 17 17
26 49 31 18 17
26 46 29 16 13
26 56 35 16 16
26 52 28 17 14
26 58 35 15 14
26 58 33 16 13
26 56 31 16 13
26 55 33 16 17
26 49 34 16 15
26 49 35 18 14
26 55 33 16 18
26 49 31 18 16
26 50 30 17 15
26 53 33 17 17
26 55 34 17 17
26 49 32 18 15
26 62 35 18 16
26 47 34 16 14
26 52 33 16 13
26 52 30 17 17
26 53 29 15 15
26 59 28 16 16
26 56 33 12 12
26 47 32 17 17
26 55 34 15 16
26 58 33 16 17
26 55 29 16 15
26 59 32 17 17
26 56 31 16 16
26 53 32 16 13
26 53 34 17 14
26 61 33 15 14
26 46 30 17 15
26 50 30 16 16
26 47 25 15 13
26 56 28 14 13
26 50 30 17 14
26 49 30 16 17
26 61 28 17 15
26 47 30 16 12
26 50 33 15 13
26 52 35 15 16
26 46 35 16 16
26 55 32 15 15
26 61 33 15 14
26 56 34 17 16
26 55 35 17 16
26 47 32 15 13
26 53 31 16 14
27 55 34 13 13
27 43 30 16 14
27 53 33 18 16
27 55 35 17 16
27 56 34 16 14
27 49 32 16 13
27 47 29 16 16
27 64 33 18 15
27 55 32 16 14
27 52 33 16 15
27 59 32 18 17
27 49 30 18 17
27 50 34 15 13
27 61 32 16 17
27 55 33 17 17
27 58 32 16 16
27 53 33 16 15
27 50 35 15 13
27 53 35 17 16
27 55 32 17 16
27 50 31 16 14
27 43 27 17 17
27 53 30 17 13
27 52 32 16 16
27 58 34 18 17
27 53 34 15 12
27 53 32 16 16
27 49 31 17 15
27 50 31 16 14
27 53 30 16 16
27 52 31 16 17
27 47 32 14 16
27 59 32 17 17
27 59 32 17 14
27 55 34 14 14
27 55 35 16 13
27 46 31 16 17
27 53 31 17 17
27 50 31 15 16
27 62 32 18 16
27 52 33 17 14
27 52 37 15 17
27 50 30 16 16
27 58 36 16 16
27 52 30 17 16
27 43 27 17 14
27 49 27 15 16
27 52 32 15 15
27 55 29 15 14
27 46 30 17 17
28 59 30 17 17
28 59 31 17 15
28 58 39 17 14
28 55 32 16 16
28 56 33 16 14
28 58 34 19 18
28 52 32 18 17
28 53 34 16 17
28 49 31 17 16
28 52 36 16 17
28 55 36 17 16
28 62 34 19 16
28 44 31 16 17
28 46 33 16 14
28 52 35 17 13
28 59 35 16 16
28 56 32 19 17
28 56 31 16 16
28 49 37 18 16
28 61 32 17 17
28 58 32 18 14
28 49 32 18 16
28 53 32 17 16
28 46 33 16 16
28 59 35 15 15
28 52 29 17 17
28 49 32 16 15
28 56 30 16 15
28 55 33 16 15
28 55 38 17 17
28 61 35 16 16
28 53 32 17 17
28 61 36 16 16
28 49 29 15 15
28 50 30 17 17
28 43 28 17 14
28 49 34 17 17
28 53 35 15 15
28 56 34 16 17
28 55 36 16 14
28 46 31 16 16
28 55 33 17 17
28 52 31 17 16
28 50 29 18 15
28 52 29 17 17
28 58 32 19 16
28 65 29 16 16
28 53 37 17 16
28 58 37 18 17
28 53 34 16 15
29 61 36 16 15
29 53 36 18 18
29 61 35 16 18
29 59 35 18 17
29 50 30 16 15
29 52 32 15 17
29 56 28 18 17
29 52 32 17 13
29 59 34 17 16
29 55 32 17 17
29 62 35 17 15
29 47 38 16 15
29 53 30 20 17
29 58 35 18 16
29 56 37 17 18
29 49 28 19 17
29 56 32 16 16
29 46 31 18 17
29 65 34 15 15
29 61 34 15 16
29 50 32 18 17
29 55 30 17 16
29 52 30 17 17
29 61 34 16 16
29 55 35 16 16
29 55 30 17 16
29 58 34 21 17
29 59 36 18 17
29 59 36 15 17
29 58 31 18 17
29 49 31 16 17
29 47 28 16 17
29 58 33 18 18
29 67 38 18 16
29 64 36 18 17
29 58 30 19 16
29 56 37 18 17
29 50 32 17 17
29 58 40 21 17
29 47 29 19 17
29 59 35 19 16
29 53 33 16 16
29 56 33 18 17
29 52 35 19 18
29 53 31 17 16
29 58 35 16 17
29 46 31 18 14
29 58 35 17 17
29 55 36 17 16
29 55 35 19 17
30 61 38 18 17
30 58 33 16 17
30 58 30 19 17
30 52 39 16 16
30 56 38 16 15
30 50 35 19 17
30 56 38 17 18
30 61 32 19 17
30 55 34 21 17
30 49 31 17 17
30 55 34 17 17
30 58 35 20 16
30 55 31 18 16
30 50 35 19 17
30 52 35 18 16
30 58 35 18 17
30 56 29 16 16
30 55 34 20 18
30 56 33 18 17
30 61 36 17 17
30 49 35 16 15
30 58 32 17 16
30 58 37 20 16
30 56 32 20 17
30 62 34 20 16
30 52 33 20 17
30 50 34 17 13
30 59 37 18 17
30 53 38 18 16
30 68 36 16 17
30 53 35 19 15
30 59 37 19 18
30 56 32 20 17
30 61 37 15 15
30 62 33 16 16
30 55 37 16 16
30 58 35 18 16
30 55 36 16 17
30 55 36 15 17
30 50 34 16 18
30 62 31 16 17
30 52 35 17 16
30 50 30 18 17
30 59 38 17 17
30 53 34 16 15
30 65 34 16 16
30 52 34 16 18
30 56 34 18 17
30 55 35 17 18
30 59 36 17 17
31 55 36 19 16
31 62 33 19 16
31 64 36 18 16
31 55 30 16 18
31 55 33 21 17
31 55 34 17 18
31 62 33 18 18
31 58 39 17 17
31 65 37 19 16
31 55 33 17 17
31 55 32 19 17
31 59 30 17 17
31 58 34 17 17
31 64 36 17 17
31 64 36 17 16
31 55 35 18 18
31 55 36 21 17
31 49 38 17 17
31 61 37 21 18
31 61 35 20 16
31 53 31 20 14
31 62 37 17 15
31 59 36 17 17
31 55 30 18 17
31 64 38 18 18
31 70 38 18 17
31 58 35 17 17
31 55 39 17 17
31 58 36 17 17
31 58 33 17 17
31 61 36 19 17
31 62 38 19 17
31 46 36 18 17
31 59 30 20 16
31 61 38 18 17
31 62 38 16 17
31 52 32 17 16
31 52 36 15 15
31 59 39 19 17
31 70 38 18 16
31 55 38 18 18
31 61 37 19 17
31 68 36 19 17
31 58 33 21 17
31 59 36 17 17
31 73 39 16 15
31 50 30 16 17
31 65 34 18 17
31 56 35 15 17
31 58 33 17 16
32 61 37 18 18
32 52 37 21 17
32 56 37 17 16
32 59 32 17 18
32 67 38 20 16
32 52 28 21 18
32 55 39 19 16
32 61 37 18 16
32 65 39 17 17
32 70 38 17 18
32 58 35 20 18
32 62 33 19 17
32 61 37 19 17
32 56 34 20 17
32 49 34 16 16
32 67 36 18 17
32 64 38 19 17
32 67 37 18 16
32 55 38 17 17
32 59 37 19 17
32 56 34 19 17
32 58 39 17 18
32 56 35 18 17
32 64 37 20 18
32 59 33 16 18
32 64 39 16 16
32 64 35 16 17
32 53 36 17 18
32 53 33 21 18
32 67 37 20 17
32 67 39 17 18
32 47 32 16 17
32 55 33 20 17
32 55 34 16 17
32 56 39 18 17
32 70 40 19 16
32 65 38 20 18
32 62 36 18 17
32 59 36 18 18
32 68 34 15 16
32 58 38 20 18
32 58 35 18 17
32 56 33 16 15
32 52 35 20 17
32 65 39 19 17
32 52 36 21 17
32 55 36 17 17
32 61 34 20 18
32 61 36 18 18
32 64 39 19 17
