Init Chip (phase 1):
 L->res L->clk0 H->rdy L->so H->irq H->nmi
--snip--
:STATEDUMP:initState:159,0,1156,0,1005,1,82,0,650,1,945,0,175,0,1393,0,1349,0,1591,0,268,0,451,0,1340,0,211,0,435,0,736,0,887,0,1493,0,230,0,148,0,1237,0,349,0,1443,0,399,0,672,0,195,0,539,1,1672,0,1171,0,1163,1,421,0,89,1,1297,1,103,1,737,0,1234,1,978,1,162,0,727,0,858,0,1136,0,1653,0,64,0,1148,0,573,0,305,0,989,0,615,0,115,0,843,0,1216,0,98,0,1,0,1648,0,85,0,589,0,448,0,777,0,1139,0,1022,0,655,0,1359,0,900,0,622,0,377,0,1611,0,488,0,976,0,481,0,723,0,208,0,72,0,1458,0,1647,0,1227,1,1227,1,1102,0,1102,0,1079,1,1079,1,868,0,868,0,39,1,39,1,1326,0,1326,0,731,1,731,1,536,0,536,0,1670,0,292,0,502,0,584,0,948,0,49,0,1551,0,205,0,1722,0,
209,0,1496,0,141,0,27,0,1301,0,652,0,1206,0,780,0,780,0,113,1,113,1,114,0,114,0,124,1,124,1,820,0,820,0,33,1,33,1,751,0,751,0,535,1,535,1,32,0,627,0,1553,0,348,0,1119,0,77,0,1370,0,687,0,1444,0,1421,0,439,0,1119,0,77,0,1370,0,1403,0,183,0,81,0,1532,0,1702,0,1098,0,1212,0,1435,0,328,1,1626,1,1384,1,1576,1,1112,1,1329,1,337,1,1328,1,194,0,702,0,1182,0,1125,0,26,0,1394,0,895,0,1320,0,996,1,1536,1,156,0,971,1,1567,1,690,1,909,1,1025,1,1138,1,1484,1,184,1,565,1,981,1,1439,1,1640,1,987,1,1434,1,890,1,1521,1,485,1,1017,1,730,1,1561,1,418,0,1064,0,752,0,828,0,1603,0,601,0,1029,0,181,0,116,0,576,0,1485,0,1284,0,1516,0,498,0,1537,0,529,0,
1597,0,870,0,1066,0,464,0,1306,0,240,0,1116,0,391,0,54,0,1150,0,1287,0,1188,0,1405,0,166,0,1336,0,1001,0,394,0,697,0,276,0,495,0,1490,0,893,0,68,0,1123,0,401,0,872,0,1637,0,1414,0,606,0,314,0,331,0,765,0,54,0,1009,1,450,1,1475,0,1405,0,263,0,679,0,1494,0,413,0,1282,0,1242,0,684,0,1437,0,1630,0,121,0,1299,0,407,0,52,0,1651,0,315,0,1160,0,483,0,13,0,1539,0,1108,0,991,0,1473,0,1302,0,892,0,1503,0,833,0,493,0,222,1,527,1,1288,1,823,1,873,1,1266,1,1418,1,158,1,97,0,746,0,1634,0,444,0,1088,0,1453,0,1415,0,63,0,1622,0,809,0,1671,0,1587,0,540,0,667,0,1460,0,1410,0,758,0,361,0,955,0,894,0,369,0,829,0,1669,0,1690,0,1019,0,1294,0,365,1,302,0,
125,0,851,1,851,1,792,1,792,1,778,0,1096,0,376,0,1502,0,1250,0,1232,0,234,0,178,0,567,0,153,1,153,1,107,1,107,1,707,1,707,1,825,1,825,1,364,1,364,1,1513,1,1513,1,1307,1,1307,1,28,1,28,1,1429,0,713,0,287,0,422,0,1143,0,775,0,997,0,489,0,1062,1,1062,1,907,1,907,1,768,1,768,1,92,1,92,1,668,1,668,1,1128,1,1128,1,289,1,289,1,429,1,429,1,626,1,1110,0,771,1,248,0,1272,0,770,1,559,0,559,0,67,0,926,0,187,1,353,1,1035,1,1035,1,710,1,943,0,879,0,1077,1,1042,1,1601,0,60,0,1512,0,382,0,1173,0,1233,0,258,0,1562,0,84,0,1543,0,76,0,1658,0,1540,0,245,0,985,0,786,0,1664,0,682,0,1482,0,665,0,286,0,271,0,370,0,552,0,1612,0,1487,0,784,0,
244,0,788,0,1623,0,764,0,1057,0,403,0,204,0,1273,0,1582,0,1031,0,804,0,1311,0,1428,0,492,0,1204,0,58,0,1520,0,324,1,1259,0,342,0,857,0,712,0,1337,0,1355,0,787,0,575,0,1466,0,1381,0,546,0,776,0,157,0,257,0,1243,0,822,1,1324,0,179,0,131,0,1420,0,1342,0,4,0,1396,0,167,0,303,0,1504,0,354,0,1168,0,1721,0,1086,0,1074,0,1246,0,487,0,579,0,145,0,1239,0,285,0,1524,0,273,0,0,0,341,0,120,0,1478,0,594,0,1210,0,677,0,461,0,447,0,660,0,1557,0,259,0,1052,0,791,0,517,0,352,0,750,0,932,0,1589,0,446,0,528,0,309,0,1430,0,53,1,691,0,1292,0,1646,0,1114,0,904,0,1155,1,1476,0,1226,0,1569,0,301,0,950,0,1665,0,1710,0,1050,0,1419,0,840,0,840,0,607,0,219,0,
1385,0,281,0,1174,0,1174,0,1164,0,1006,0,1048,1,1048,1,1708,1,1708,1,1228,0,1689,0,522,0,1196,1,934,0,925,1,925,1,1352,0,1352,0,434,1,1185,0,430,0,252,0,252,0,967,0,1544,1,675,1,888,0,888,0,1032,0,297,1,297,1,264,0,264,0,1374,0,67,0,926,0,1465,0,1481,0,1134,1,1134,1,827,0,1382,0,1350,1,1431,0,1431,0,537,0,40,0,706,0,1373,0,940,0,832,0,1530,0,974,0,1436,0,99,0,44,0,443,0,215,0,338,0,199,0,215,0,1011,0,1283,0,1442,0,1607,0,1577,0,1051,0,1078,0,899,0,832,0,294,0,1176,0,561,0,596,0,449,0,1036,0,1321,0,73,0,685,0,1008,0,1652,0,614,0,960,0,848,0,56,0,1713,0,729,0,197,0,1131,0,1131,0,151,0,456,0,1438,0,1104,0,554,0,554,0,357,0,170,0,45,0,
217,1,686,1,1193,0,683,0,1167,0,1248,0,1332,0,1680,0,1142,0,530,0,1627,0,1522,0,977,0,1432,0,704,0,96,0,1645,0,1678,0,235,0,1535,0,1285,0,505,0,1023,0,78,0,142,0,500,0,1314,0,808,0,560,0,1372,0,333,0,164,0,1506,1,1506,1,1122,1,1122,1,1003,1,1003,1,1425,1,1425,1,1571,1,1571,1,427,1,427,1,592,1,592,1,1327,1,1327,1,623,0,216,0,516,0,1144,0,901,1,901,1,699,1,699,1,371,1,371,1,965,1,965,1,22,1,22,1,274,1,274,1,651,1,651,1,486,1,486,1,1197,1,1197,1,532,1,532,1,425,0,640,0,1220,0,1241,0,1525,1,1525,1,701,1,701,1,308,1,308,1,1459,1,1459,1,555,0,555,0,193,0,193,0,65,0,65,0,174,0,174,0,295,0,295,0,860,0,860,0,817,0,817,0,1217,0,1217,0,
1628,1,1628,1,841,1,841,1,681,1,681,1,350,1,350,1,1063,1,1063,1,477,1,477,1,336,1,336,1,1318,1,1318,1,693,0,1021,0,110,0,1313,0,918,0,1236,0,803,0,117,0,143,1,143,1,155,1,155,1,1691,1,1691,1,649,1,649,1,404,1,404,1,1632,1,1632,1,1084,1,1084,1,1398,1,1398,1,953,1,953,1,884,1,884,1,1469,1,1469,1,177,1,177,1,957,0,957,0,250,0,250,0,740,0,740,0,1071,0,1071,0,296,0,296,0,277,0,277,0,722,0,722,0,304,0,304,0,639,1,821,1,801,1,325,1,1263,1,1186,1,1700,1,1468,1,874,1,654,1,1068,1,859,1,437,1,549,1,984,1,59,0,362,0,574,0,1666,0,921,0,910,0,1165,1,1201,0,1201,0,214,0,129,1,1015,1,808,0,412,1,1146,0,206,1,206,1,465,0,465,0,1308,1,938,1,
1268,0,1268,0,744,1,1200,1,725,0,725,0,534,1,1698,1,1060,1,1331,1,140,1,229,1,203,1,48,1,741,1,1235,1,247,1,1704,0,1334,0,379,1,379,1,283,1,438,1,898,1,414,1,1564,1,41,1,863,1,-1
--snap--
 H->clk0
--snip--
:STATEDUMP:halfClk1:159,0,1156,0,1005,0,82,0,650,0,945,0,175,0,1393,0,1349,0,1591,0,268,0,451,0,1340,0,211,0,435,0,736,0,887,0,1493,0,230,0,148,0,1237,0,349,0,1443,0,399,0,672,0,195,0,539,1,1672,0,1171,1,1163,0,421,1,89,1,1297,1,103,1,737,0,1234,1,978,1,162,0,727,0,858,0,1136,0,1653,0,64,0,1148,0,573,0,305,0,989,0,615,0,115,0,843,0,1216,0,98,0,1,0,1648,0,85,0,589,0,448,0,777,0,1139,0,1022,0,655,0,1359,0,900,0,622,0,377,0,1611,0,488,0,976,0,481,0,723,0,208,0,72,0,1458,0,1647,0,1227,1,1227,1,1102,1,1102,1,1079,1,1079,1,868,1,868,1,39,1,39,1,1326,1,1326,1,731,1,731,1,536,1,536,1,1670,0,292,0,502,0,584,0,948,0,49,0,1551,0,205,0,1722,0,
209,0,1496,0,141,0,27,0,1301,0,652,0,1206,0,780,1,780,1,113,1,113,1,114,1,114,1,124,1,124,1,820,1,820,1,33,1,33,1,751,1,751,1,535,1,535,1,32,0,627,0,1553,0,348,0,1119,0,77,0,1370,0,687,0,1444,0,1421,0,439,0,1119,0,77,0,1370,0,1403,0,183,0,81,0,1532,0,1702,0,1098,0,1212,0,1435,0,328,1,1626,1,1384,1,1576,1,1112,1,1329,1,337,1,1328,1,194,0,702,0,1182,0,1125,0,26,0,1394,0,895,0,1320,0,996,1,1536,1,156,0,971,1,1567,1,690,1,909,1,1025,1,1138,1,1484,1,184,1,565,1,981,1,1439,1,1640,1,987,1,1434,1,890,1,1521,1,485,1,1017,1,730,1,1561,1,418,1,1064,1,752,1,828,1,1603,1,601,1,1029,1,181,1,116,1,576,1,1485,1,1284,1,1516,1,498,1,1537,1,529,1,
1597,0,870,0,1066,0,464,0,1306,0,240,0,1116,0,391,0,54,0,1150,0,1287,0,1188,0,1405,0,166,0,1336,0,1001,0,394,0,697,0,276,0,495,0,1490,0,893,0,68,0,1123,0,401,0,872,0,1637,0,1414,0,606,0,314,0,331,0,765,0,54,0,1009,1,450,0,1475,1,1405,0,263,1,679,0,1494,1,413,0,1282,0,1242,0,684,0,1437,0,1630,0,121,0,1299,0,407,0,52,0,1651,0,315,0,1160,0,483,0,13,0,1539,0,1108,0,991,0,1473,0,1302,0,892,0,1503,0,833,0,493,0,222,1,527,1,1288,1,823,1,873,1,1266,1,1418,1,158,1,97,0,746,0,1634,0,444,0,1088,0,1453,0,1415,0,63,0,1622,0,809,0,1671,0,1587,0,540,0,667,0,1460,0,1410,0,758,1,361,1,955,1,894,1,369,1,829,1,1669,1,1690,1,1019,0,1294,0,365,1,302,0,
125,0,851,1,851,1,792,1,792,1,778,0,1096,0,376,0,1502,0,1250,0,1232,0,234,0,178,0,567,0,153,1,153,1,107,1,107,1,707,1,707,1,825,1,825,1,364,1,364,1,1513,1,1513,1,1307,1,1307,1,28,1,28,1,1429,0,713,0,287,0,422,0,1143,0,775,0,997,0,489,0,1062,1,1062,1,907,1,907,1,768,1,768,1,92,1,92,1,668,1,668,1,1128,1,1128,1,289,1,289,1,429,1,429,1,626,1,1110,0,771,1,248,0,1272,0,770,0,559,1,559,1,67,0,926,0,187,1,353,0,1035,0,1035,0,710,0,943,1,879,1,1077,1,1042,0,1601,0,60,0,1512,0,382,0,1173,0,1233,0,258,0,1562,0,84,0,1543,0,76,0,1658,0,1540,0,245,0,985,0,786,0,1664,0,682,0,1482,0,665,0,286,0,271,0,370,0,552,0,1612,0,1487,0,784,0,
244,0,788,0,1623,0,764,0,1057,0,403,0,204,0,1273,0,1582,0,1031,0,804,0,1311,0,1428,0,492,0,1204,0,58,0,1520,0,324,1,1259,0,342,0,857,0,712,0,1337,0,1355,0,787,0,575,0,1466,0,1381,0,546,0,776,0,157,0,257,0,1243,0,822,1,1324,0,179,0,131,0,1420,0,1342,0,4,0,1396,0,167,0,303,0,1504,0,354,0,1168,0,1721,0,1086,0,1074,0,1246,0,487,0,579,0,145,0,1239,0,285,0,1524,0,273,0,0,0,341,0,120,0,1478,0,594,0,1210,0,677,0,461,0,447,0,660,0,1557,0,259,0,1052,0,791,0,517,0,352,0,750,0,932,0,1589,0,446,0,528,0,309,0,1430,0,53,1,691,0,1292,0,1646,0,1114,0,904,0,1155,1,1476,0,1226,0,1569,0,301,0,950,0,1665,0,1710,0,1050,0,1419,0,840,0,840,0,607,0,219,0,
1385,0,281,0,1174,0,1174,0,1164,0,1006,0,1048,1,1048,1,1708,1,1708,1,1228,0,1689,0,522,0,1196,1,934,0,925,1,925,1,1352,0,1352,0,434,1,1185,0,430,0,252,0,252,0,967,0,1544,1,675,1,888,0,888,0,1032,0,297,1,297,1,264,0,264,0,1374,0,67,0,926,0,1465,0,1481,0,1134,1,1134,1,827,0,1382,0,1350,1,1431,1,1431,1,537,1,40,0,706,0,1373,0,940,0,832,0,1530,0,974,1,1436,1,99,1,44,1,443,0,215,1,338,0,199,1,215,1,1011,1,1283,1,1442,1,1607,1,1577,1,1051,1,1078,1,899,0,832,0,294,0,1176,0,561,1,596,1,449,0,1036,0,1321,0,73,0,685,0,1008,0,1652,0,614,0,960,0,848,0,56,1,1713,0,729,1,197,0,1131,0,1131,0,151,0,456,0,1438,1,1104,1,554,1,554,1,357,1,170,1,45,0,
217,0,686,0,1193,0,683,1,1167,0,1248,0,1332,0,1680,0,1142,0,530,0,1627,0,1522,0,977,0,1432,0,704,0,96,0,1645,0,1678,0,235,0,1535,0,1285,0,505,0,1023,0,78,0,142,0,500,0,1314,0,808,0,560,0,1372,0,333,0,164,0,1506,1,1506,1,1122,1,1122,1,1003,1,1003,1,1425,1,1425,1,1571,1,1571,1,427,1,427,1,592,1,592,1,1327,1,1327,1,623,0,216,0,516,0,1144,0,901,1,901,1,699,1,699,1,371,1,371,1,965,1,965,1,22,1,22,1,274,1,274,1,651,1,651,1,486,1,486,1,1197,1,1197,1,532,1,532,1,425,0,640,0,1220,0,1241,0,1525,1,1525,1,701,1,701,1,308,1,308,1,1459,1,1459,1,555,0,555,0,193,0,193,0,65,0,65,0,174,0,174,0,295,0,295,0,860,0,860,0,817,0,817,0,1217,0,1217,0,
1628,1,1628,1,841,1,841,1,681,1,681,1,350,1,350,1,1063,1,1063,1,477,1,477,1,336,1,336,1,1318,1,1318,1,693,0,1021,0,110,0,1313,0,918,0,1236,0,803,0,117,0,143,1,143,1,155,1,155,1,1691,1,1691,1,649,1,649,1,404,1,404,1,1632,1,1632,1,1084,1,1084,1,1398,1,1398,1,953,1,953,1,884,1,884,1,1469,1,1469,1,177,1,177,1,957,0,957,0,250,0,250,0,740,0,740,0,1071,0,1071,0,296,0,296,0,277,0,277,0,722,0,722,0,304,0,304,0,639,0,821,1,801,0,325,0,1263,0,1186,0,1700,0,1468,0,874,0,654,0,1068,0,859,0,437,0,549,0,984,0,59,0,362,0,574,0,1666,0,921,0,910,0,1165,1,1201,0,1201,0,214,1,129,1,1015,0,808,0,412,1,1146,0,206,1,206,1,465,0,465,0,1308,1,938,0,
1268,0,1268,0,744,1,1200,1,725,0,725,0,534,0,1698,0,1060,1,1331,0,140,0,229,0,203,0,48,0,741,0,1235,1,247,0,1704,0,1334,0,379,1,379,1,283,1,438,1,898,0,414,0,1564,0,41,0,863,0,-1
--snap--
 L->clk0
--snip--
:STATEDUMP:halfClk2:159,0,1156,0,1005,0,82,0,650,0,945,0,175,0,1393,0,1349,0,1591,0,268,0,451,0,1340,0,211,0,435,0,736,0,887,0,1493,0,230,0,148,0,1237,0,349,0,1443,0,399,0,672,0,195,0,539,0,1672,0,1171,0,1163,1,421,0,89,1,1297,1,103,1,737,0,1234,1,978,0,162,1,727,0,858,1,1136,0,1653,1,64,0,1148,0,573,0,305,0,989,0,615,0,115,0,843,0,1216,0,98,0,1,0,1648,0,85,0,589,0,448,0,777,0,1139,0,1022,0,655,0,1359,0,900,0,622,0,377,0,1611,0,488,0,976,0,481,0,723,0,208,0,72,0,1458,0,1647,0,1227,1,1227,1,1102,1,1102,1,1079,1,1079,1,868,1,868,1,39,1,39,1,1326,1,1326,1,731,1,731,1,536,1,536,1,1670,0,292,0,502,0,584,0,948,0,49,0,1551,0,205,0,1722,0,
209,0,1496,0,141,0,27,0,1301,0,652,0,1206,0,780,1,780,1,113,1,113,1,114,1,114,1,124,1,124,1,820,1,820,1,33,1,33,1,751,1,751,1,535,1,535,1,32,0,627,1,1553,0,348,0,1119,0,77,0,1370,0,687,0,1444,1,1421,0,439,0,1119,0,77,0,1370,0,1403,0,183,0,81,0,1532,0,1702,0,1098,0,1212,0,1435,0,328,0,1626,0,1384,0,1576,0,1112,0,1329,0,337,0,1328,0,194,1,702,1,1182,1,1125,1,26,1,1394,1,895,1,1320,1,996,0,1536,0,156,1,971,1,1567,1,690,1,909,1,1025,1,1138,1,1484,1,184,1,565,1,981,1,1439,1,1640,1,987,1,1434,1,890,1,1521,1,485,1,1017,1,730,1,1561,1,418,1,1064,1,752,1,828,1,1603,1,601,1,1029,1,181,1,116,1,576,1,1485,1,1284,1,1516,1,498,1,1537,1,529,1,
1597,0,870,0,1066,0,464,0,1306,0,240,0,1116,0,391,0,54,0,1150,0,1287,0,1188,0,1405,0,166,0,1336,0,1001,0,394,0,697,0,276,0,495,0,1490,0,893,0,68,0,1123,0,401,0,872,0,1637,0,1414,0,606,0,314,0,331,0,765,0,54,0,1009,1,450,0,1475,1,1405,0,263,1,679,0,1494,1,413,0,1282,0,1242,0,684,0,1437,0,1630,0,121,0,1299,0,407,0,52,0,1651,0,315,0,1160,0,483,0,13,0,1539,0,1108,0,991,0,1473,0,1302,0,892,0,1503,0,833,0,493,0,222,1,527,1,1288,1,823,1,873,1,1266,1,1418,1,158,1,97,0,746,0,1634,0,444,0,1088,0,1453,0,1415,0,63,0,1622,0,809,0,1671,0,1587,0,540,0,667,0,1460,0,1410,0,758,1,361,1,955,1,894,1,369,1,829,1,1669,1,1690,1,1019,0,1294,0,365,1,302,0,
125,0,851,1,851,1,792,1,792,1,778,0,1096,0,376,0,1502,0,1250,0,1232,0,234,0,178,0,567,0,153,1,153,1,107,1,107,1,707,1,707,1,825,1,825,1,364,1,364,1,1513,1,1513,1,1307,1,1307,1,28,1,28,1,1429,0,713,0,287,0,422,0,1143,0,775,0,997,0,489,0,1062,1,1062,1,907,1,907,1,768,1,768,1,92,1,92,1,668,1,668,1,1128,1,1128,1,289,1,289,1,429,1,429,1,626,1,1110,0,771,1,248,0,1272,0,770,0,559,1,559,1,67,1,926,0,187,1,353,1,1035,1,1035,1,710,1,943,0,879,1,1077,1,1042,0,1601,0,60,0,1512,0,382,0,1173,0,1233,0,258,0,1562,0,84,0,1543,0,76,0,1658,0,1540,0,245,0,985,0,786,0,1664,0,682,0,1482,0,665,0,286,0,271,0,370,0,552,0,1612,0,1487,0,784,0,
244,0,788,0,1623,0,764,0,1057,0,403,0,204,0,1273,1,1582,0,1031,0,804,0,1311,0,1428,0,492,0,1204,0,58,0,1520,0,324,0,1259,0,342,0,857,0,712,0,1337,0,1355,0,787,0,575,0,1466,0,1381,0,546,0,776,0,157,0,257,0,1243,0,822,0,1324,0,179,0,131,0,1420,0,1342,0,4,0,1396,0,167,0,303,0,1504,0,354,0,1168,0,1721,0,1086,0,1074,0,1246,0,487,0,579,0,145,0,1239,0,285,0,1524,0,273,0,0,0,341,0,120,0,1478,1,594,0,1210,0,677,0,461,0,447,0,660,0,1557,1,259,0,1052,0,791,0,517,0,352,0,750,0,932,0,1589,0,446,0,528,0,309,0,1430,0,53,0,691,0,1292,0,1646,0,1114,0,904,0,1155,0,1476,0,1226,0,1569,0,301,0,950,0,1665,0,1710,0,1050,0,1419,0,840,1,840,1,607,0,219,0,
1385,0,281,0,1174,1,1174,1,1164,0,1006,0,1048,1,1048,1,1708,1,1708,1,1228,0,1689,0,522,0,1196,1,934,0,925,1,925,1,1352,1,1352,1,434,0,1185,0,430,0,252,1,252,1,967,0,1544,0,675,0,888,1,888,1,1032,0,297,1,297,1,264,0,264,0,1374,0,67,1,926,0,1465,0,1481,0,1134,1,1134,1,827,0,1382,0,1350,1,1431,1,1431,1,537,1,40,0,706,0,1373,0,940,0,832,0,1530,0,974,1,1436,1,99,1,44,1,443,0,215,1,338,0,199,1,215,1,1011,1,1283,1,1442,1,1607,1,1577,1,1051,1,1078,1,899,0,832,0,294,0,1176,0,561,1,596,1,449,0,1036,0,1321,0,73,0,685,0,1008,0,1652,0,614,0,960,0,848,0,56,1,1713,0,729,1,197,0,1131,0,1131,0,151,0,456,0,1438,1,1104,1,554,1,554,1,357,1,170,1,45,0,
217,0,686,0,1193,0,683,1,1167,0,1248,0,1332,0,1680,0,1142,0,530,0,1627,0,1522,0,977,0,1432,0,704,0,96,0,1645,0,1678,0,235,0,1535,0,1285,0,505,0,1023,0,78,0,142,0,500,0,1314,0,808,0,560,0,1372,0,333,0,164,0,1506,1,1506,1,1122,1,1122,1,1003,1,1003,1,1425,1,1425,1,1571,1,1571,1,427,1,427,1,592,1,592,1,1327,1,1327,1,623,0,216,0,516,0,1144,0,901,1,901,1,699,1,699,1,371,1,371,1,965,1,965,1,22,1,22,1,274,1,274,1,651,1,651,1,486,1,486,1,1197,1,1197,1,532,1,532,1,425,0,640,0,1220,0,1241,0,1525,1,1525,1,701,1,701,1,308,1,308,1,1459,1,1459,1,555,0,555,0,193,0,193,0,65,0,65,0,174,0,174,0,295,0,295,0,860,0,860,0,817,0,817,0,1217,0,1217,0,
1628,1,1628,1,841,1,841,1,681,1,681,1,350,1,350,1,1063,1,1063,1,477,1,477,1,336,1,336,1,1318,1,1318,1,693,0,1021,0,110,0,1313,0,918,0,1236,0,803,0,117,0,143,1,143,1,155,1,155,1,1691,1,1691,1,649,1,649,1,404,1,404,1,1632,1,1632,1,1084,1,1084,1,1398,1,1398,1,953,1,953,1,884,1,884,1,1469,1,1469,1,177,1,177,1,957,1,957,1,250,1,250,1,740,1,740,1,1071,1,1071,1,296,1,296,1,277,1,277,1,722,1,722,1,304,1,304,1,639,0,821,1,801,0,325,0,1263,0,1186,0,1700,0,1468,0,874,0,654,1,1068,0,859,1,437,0,549,1,984,0,59,0,362,0,574,0,1666,0,921,1,910,0,1165,1,1201,1,1201,1,214,1,129,1,1015,0,808,0,412,1,1146,0,206,1,206,1,465,0,465,0,1308,1,938,0,
1268,0,1268,0,744,1,1200,1,725,1,725,1,534,1,1698,0,1060,1,1331,0,140,0,229,0,203,0,48,1,741,0,1235,1,247,0,1704,0,1334,0,379,1,379,1,283,1,438,1,898,0,414,1,1564,0,41,0,863,0,-1
--snap--
 H->clk0
--snip--
:STATEDUMP:halfClk3:159,0,1156,0,1005,0,82,0,650,0,945,0,175,0,1393,0,1349,0,1591,0,268,0,451,0,1340,0,211,0,435,0,736,0,887,0,1493,0,230,0,148,0,1237,0,349,0,1443,0,399,0,672,0,195,0,539,0,1672,0,1171,1,1163,0,421,1,89,1,1297,1,103,1,737,0,1234,1,978,0,162,1,727,0,858,1,1136,0,1653,1,64,0,1148,0,573,0,305,0,989,0,615,0,115,0,843,0,1216,0,98,0,1,0,1648,0,85,0,589,0,448,0,777,0,1139,0,1022,0,655,0,1359,0,900,0,622,0,377,0,1611,0,488,0,976,0,481,0,723,0,208,0,72,0,1458,0,1647,0,1227,1,1227,1,1102,1,1102,1,1079,1,1079,1,868,1,868,1,39,1,39,1,1326,1,1326,1,731,1,731,1,536,1,536,1,1670,0,292,0,502,0,584,0,948,0,49,0,1551,0,205,0,1722,0,
209,0,1496,0,141,0,27,0,1301,0,652,0,1206,0,780,1,780,1,113,1,113,1,114,1,114,1,124,1,124,1,820,1,820,1,33,1,33,1,751,1,751,1,535,1,535,1,32,0,627,1,1553,0,348,0,1119,0,77,0,1370,0,687,0,1444,1,1421,0,439,0,1119,0,77,0,1370,0,1403,0,183,0,81,0,1532,0,1702,0,1098,0,1212,0,1435,0,328,0,1626,0,1384,0,1576,0,1112,0,1329,0,337,0,1328,0,194,1,702,1,1182,1,1125,1,26,1,1394,1,895,1,1320,1,996,0,1536,0,156,1,971,1,1567,1,690,1,909,1,1025,1,1138,1,1484,1,184,1,565,1,981,1,1439,1,1640,1,987,1,1434,1,890,1,1521,1,485,1,1017,1,730,1,1561,1,418,1,1064,1,752,1,828,1,1603,1,601,1,1029,1,181,1,116,1,576,1,1485,1,1284,1,1516,1,498,1,1537,1,529,1,
1597,0,870,0,1066,0,464,0,1306,0,240,0,1116,0,391,0,54,1,1150,1,1287,1,1188,1,1405,1,166,1,1336,1,1001,1,394,1,697,1,276,1,495,1,1490,1,893,1,68,1,1123,1,401,0,872,0,1637,0,1414,0,606,0,314,0,331,0,765,0,54,1,1009,1,450,1,1475,1,1405,1,263,1,679,1,1494,1,413,0,1282,0,1242,0,684,0,1437,0,1630,0,121,0,1299,0,407,1,52,1,1651,1,315,1,1160,1,483,1,13,1,1539,1,1108,1,991,1,1473,1,1302,1,892,1,1503,1,833,1,493,1,222,1,527,1,1288,1,823,1,873,1,1266,1,1418,1,158,1,97,0,746,0,1634,0,444,0,1088,0,1453,0,1415,0,63,0,1622,0,809,0,1671,0,1587,0,540,0,667,0,1460,0,1410,0,758,1,361,1,955,1,894,1,369,1,829,1,1669,1,1690,1,1019,0,1294,0,365,1,302,0,
125,0,851,1,851,1,792,1,792,1,778,0,1096,0,376,0,1502,0,1250,0,1232,0,234,0,178,0,567,0,153,1,153,1,107,1,107,1,707,1,707,1,825,1,825,1,364,1,364,1,1513,1,1513,1,1307,1,1307,1,28,1,28,1,1429,0,713,0,287,0,422,0,1143,0,775,0,997,0,489,0,1062,1,1062,1,907,1,907,1,768,1,768,1,92,1,92,1,668,1,668,1,1128,1,1128,1,289,1,289,1,429,1,429,1,626,1,1110,0,771,1,248,0,1272,0,770,0,559,1,559,1,67,1,926,1,187,0,353,0,1035,0,1035,0,710,0,943,1,879,0,1077,1,1042,0,1601,0,60,0,1512,0,382,0,1173,0,1233,0,258,0,1562,0,84,0,1543,0,76,0,1658,0,1540,0,245,0,985,0,786,0,1664,0,682,0,1482,0,665,0,286,0,271,0,370,0,552,0,1612,0,1487,0,784,0,
244,0,788,0,1623,0,764,0,1057,0,403,0,204,0,1273,1,1582,0,1031,0,804,0,1311,0,1428,0,492,0,1204,0,58,0,1520,0,324,0,1259,0,342,0,857,0,712,0,1337,0,1355,0,787,0,575,0,1466,0,1381,0,546,0,776,0,157,0,257,0,1243,0,822,0,1324,0,179,0,131,0,1420,0,1342,0,4,0,1396,0,167,0,303,0,1504,0,354,0,1168,0,1721,0,1086,0,1074,0,1246,0,487,0,579,0,145,0,1239,0,285,0,1524,0,273,0,0,0,341,0,120,0,1478,1,594,0,1210,0,677,0,461,0,447,0,660,0,1557,1,259,0,1052,0,791,0,517,0,352,0,750,0,932,0,1589,0,446,0,528,0,309,0,1430,0,53,0,691,0,1292,0,1646,0,1114,0,904,0,1155,0,1476,0,1226,0,1569,0,301,0,950,0,1665,0,1710,0,1050,0,1419,0,840,1,840,1,607,0,219,0,
1385,0,281,0,1174,1,1174,1,1164,0,1006,0,1048,1,1048,1,1708,1,1708,1,1228,0,1689,0,522,0,1196,1,934,0,925,1,925,1,1352,1,1352,1,434,0,1185,0,430,0,252,1,252,1,967,0,1544,0,675,0,888,1,888,1,1032,0,297,1,297,1,264,0,264,0,1374,0,67,1,926,1,1465,0,1481,0,1134,1,1134,1,827,0,1382,0,1350,1,1431,1,1431,1,537,0,40,0,706,0,1373,0,940,0,832,0,1530,0,974,1,1436,0,99,1,44,1,443,1,215,1,338,1,199,1,215,1,1011,0,1283,1,1442,1,1607,0,1577,1,1051,1,1078,1,899,0,832,0,294,0,1176,1,561,1,596,0,449,1,1036,1,1321,0,73,0,685,0,1008,0,1652,0,614,0,960,0,848,0,56,1,1713,0,729,1,197,0,1131,1,1131,1,151,0,456,0,1438,1,1104,1,554,0,554,0,357,1,170,1,45,0,
217,0,686,0,1193,0,683,1,1167,0,1248,0,1332,0,1680,0,1142,0,530,0,1627,0,1522,0,977,0,1432,0,704,0,96,0,1645,0,1678,0,235,0,1535,0,1285,0,505,0,1023,0,78,0,142,0,500,0,1314,0,808,0,560,0,1372,0,333,0,164,0,1506,1,1506,1,1122,1,1122,1,1003,1,1003,1,1425,1,1425,1,1571,1,1571,1,427,1,427,1,592,1,592,1,1327,1,1327,1,623,0,216,0,516,0,1144,0,901,1,901,1,699,1,699,1,371,1,371,1,965,1,965,1,22,1,22,1,274,1,274,1,651,1,651,1,486,1,486,1,1197,1,1197,1,532,1,532,1,425,0,640,0,1220,0,1241,0,1525,1,1525,1,701,1,701,1,308,1,308,1,1459,1,1459,1,555,0,555,0,193,0,193,0,65,0,65,0,174,0,174,0,295,0,295,0,860,0,860,0,817,0,817,0,1217,0,1217,0,
1628,1,1628,1,841,1,841,1,681,1,681,1,350,1,350,1,1063,1,1063,1,477,1,477,1,336,1,336,1,1318,1,1318,1,693,0,1021,0,110,0,1313,0,918,0,1236,0,803,0,117,0,143,1,143,1,155,1,155,1,1691,1,1691,1,649,1,649,1,404,1,404,1,1632,1,1632,1,1084,1,1084,1,1398,1,1398,1,953,1,953,1,884,1,884,1,1469,1,1469,1,177,1,177,1,957,1,957,1,250,1,250,1,740,1,740,1,1071,1,1071,1,296,1,296,1,277,1,277,1,722,1,722,1,304,1,304,1,639,1,821,1,801,0,325,0,1263,0,1186,0,1700,0,1468,0,874,0,654,0,1068,0,859,0,437,0,549,0,984,0,59,0,362,0,574,0,1666,0,921,1,910,0,1165,1,1201,1,1201,1,214,0,129,0,1015,1,808,0,412,1,1146,0,206,1,206,1,465,0,465,0,1308,1,938,0,
1268,1,1268,1,744,0,1200,0,725,1,725,1,534,0,1698,0,1060,0,1331,0,140,0,229,0,203,0,48,0,741,0,1235,0,247,0,1704,0,1334,0,379,1,379,1,283,0,438,0,898,0,414,0,1564,0,41,1,863,1,-1
--snap--
 L->clk0
--snip--
:STATEDUMP:halfClk4:159,0,1156,1,1005,0,82,0,650,0,945,0,175,0,1393,1,1349,0,1591,1,268,0,451,0,1340,0,211,0,435,0,736,0,887,0,1493,0,230,0,148,0,1237,0,349,0,1443,0,399,0,672,0,195,0,539,0,1672,0,1171,0,1163,1,421,0,89,1,1297,1,103,1,737,0,1234,1,978,0,162,1,727,0,858,1,1136,0,1653,1,64,0,1148,0,573,0,305,0,989,0,615,0,115,0,843,0,1216,0,98,0,1,0,1648,0,85,0,589,0,448,0,777,0,1139,0,1022,0,655,0,1359,0,900,0,622,0,377,0,1611,0,488,0,976,0,481,0,723,0,208,0,72,0,1458,0,1647,0,1227,1,1227,1,1102,1,1102,1,1079,1,1079,1,868,1,868,1,39,1,39,1,1326,1,1326,1,731,1,731,1,536,1,536,1,1670,0,292,0,502,0,584,0,948,0,49,0,1551,0,205,0,1722,0,
209,0,1496,0,141,0,27,0,1301,0,652,0,1206,0,780,1,780,1,113,1,113,1,114,1,114,1,124,1,124,1,820,1,820,1,33,1,33,1,751,1,751,1,535,1,535,1,32,0,627,1,1553,0,348,0,1119,0,77,0,1370,0,687,0,1444,1,1421,0,439,0,1119,0,77,0,1370,0,1403,0,183,0,81,0,1532,0,1702,0,1098,0,1212,0,1435,0,328,0,1626,0,1384,0,1576,0,1112,0,1329,0,337,0,1328,0,194,1,702,1,1182,1,1125,1,26,1,1394,1,895,1,1320,1,996,0,1536,0,156,0,971,1,1567,1,690,1,909,1,1025,1,1138,1,1484,1,184,1,565,1,981,1,1439,1,1640,1,987,1,1434,1,890,1,1521,1,485,1,1017,1,730,1,1561,1,418,1,1064,1,752,1,828,1,1603,1,601,1,1029,1,181,1,116,1,576,1,1485,1,1284,1,1516,1,498,1,1537,1,529,1,
1597,0,870,0,1066,0,464,0,1306,0,240,0,1116,0,391,0,54,1,1150,1,1287,1,1188,1,1405,1,166,1,1336,1,1001,1,394,1,697,1,276,1,495,1,1490,1,893,1,68,1,1123,1,401,0,872,0,1637,0,1414,0,606,0,314,0,331,0,765,0,54,1,1009,1,450,1,1475,1,1405,1,263,1,679,1,1494,1,413,0,1282,0,1242,0,684,0,1437,0,1630,0,121,0,1299,0,407,0,52,0,1651,0,315,0,1160,0,483,0,13,0,1539,0,1108,0,991,0,1473,0,1302,0,892,0,1503,0,833,0,493,0,222,1,527,1,1288,1,823,1,873,1,1266,1,1418,1,158,1,97,0,746,0,1634,0,444,0,1088,0,1453,0,1415,0,63,0,1622,0,809,0,1671,0,1587,0,540,0,667,0,1460,0,1410,0,758,1,361,1,955,1,894,1,369,1,829,1,1669,1,1690,1,1019,0,1294,0,365,1,302,0,
125,0,851,1,851,1,792,1,792,1,778,0,1096,0,376,0,1502,0,1250,0,1232,0,234,0,178,0,567,0,153,1,153,1,107,1,107,1,707,1,707,1,825,1,825,1,364,1,364,1,1513,1,1513,1,1307,1,1307,1,28,1,28,1,1429,0,713,0,287,0,422,0,1143,0,775,0,997,0,489,0,1062,1,1062,1,907,1,907,1,768,1,768,1,92,1,92,1,668,1,668,1,1128,1,1128,1,289,1,289,1,429,1,429,1,626,1,1110,0,771,1,248,0,1272,0,770,0,559,1,559,1,67,1,926,1,187,0,353,1,1035,1,1035,1,710,1,943,0,879,0,1077,1,1042,0,1601,0,60,0,1512,0,382,0,1173,0,1233,0,258,0,1562,0,84,0,1543,0,76,0,1658,0,1540,0,245,0,985,0,786,0,1664,0,682,0,1482,0,665,0,286,0,271,0,370,0,552,0,1612,0,1487,0,784,0,
244,0,788,0,1623,0,764,0,1057,0,403,0,204,0,1273,1,1582,0,1031,0,804,0,1311,0,1428,0,492,0,1204,0,58,0,1520,0,324,0,1259,0,342,0,857,0,712,0,1337,0,1355,0,787,0,575,0,1466,0,1381,0,546,0,776,0,157,0,257,0,1243,0,822,0,1324,0,179,0,131,0,1420,0,1342,0,4,0,1396,0,167,0,303,0,1504,0,354,0,1168,0,1721,0,1086,0,1074,0,1246,0,487,0,579,0,145,0,1239,0,285,0,1524,0,273,0,0,0,341,0,120,0,1478,1,594,0,1210,0,677,0,461,0,447,0,660,0,1557,1,259,0,1052,0,791,0,517,0,352,0,750,0,932,0,1589,0,446,0,528,0,309,0,1430,0,53,0,691,0,1292,0,1646,0,1114,0,904,0,1155,0,1476,0,1226,0,1569,0,301,0,950,0,1665,0,1710,0,1050,0,1419,0,840,1,840,1,607,0,219,0,
1385,0,281,0,1174,1,1174,1,1164,0,1006,0,1048,1,1048,1,1708,1,1708,1,1228,0,1689,0,522,0,1196,1,934,0,925,1,925,1,1352,1,1352,1,434,0,1185,0,430,0,252,1,252,1,967,0,1544,0,675,0,888,1,888,1,1032,0,297,1,297,1,264,0,264,0,1374,0,67,1,926,1,1465,0,1481,0,1134,1,1134,1,827,0,1382,0,1350,1,1431,1,1431,1,537,0,40,0,706,0,1373,0,940,0,832,0,1530,0,974,1,1436,0,99,1,44,1,443,1,215,1,338,1,199,1,215,1,1011,0,1283,1,1442,1,1607,0,1577,1,1051,1,1078,1,899,0,832,0,294,0,1176,1,561,1,596,0,449,1,1036,1,1321,0,73,0,685,0,1008,0,1652,0,614,0,960,0,848,0,56,1,1713,0,729,1,197,0,1131,1,1131,1,151,0,456,0,1438,1,1104,1,554,0,554,0,357,1,170,1,45,0,
217,0,686,0,1193,0,683,1,1167,1,1248,1,1332,1,1680,1,1142,1,530,1,1627,1,1522,1,977,0,1432,0,704,0,96,0,1645,0,1678,0,235,0,1535,0,1285,0,505,0,1023,0,78,0,142,0,500,0,1314,0,808,0,560,0,1372,0,333,0,164,0,1506,1,1506,1,1122,1,1122,1,1003,1,1003,1,1425,1,1425,1,1571,1,1571,1,427,1,427,1,592,1,592,1,1327,1,1327,1,623,0,216,0,516,1,1144,0,901,1,901,1,699,1,699,1,371,0,371,0,965,0,965,0,22,0,22,0,274,0,274,0,651,0,651,0,486,0,486,0,1197,0,1197,0,532,0,532,0,425,1,640,1,1220,1,1241,1,1525,0,1525,0,701,0,701,0,308,0,308,0,1459,0,1459,0,555,1,555,1,193,1,193,1,65,1,65,1,174,1,174,1,295,0,295,0,860,0,860,0,817,0,817,0,1217,0,1217,0,
1628,1,1628,1,841,1,841,1,681,1,681,1,350,1,350,1,1063,1,1063,1,477,1,477,1,336,1,336,1,1318,1,1318,1,693,1,1021,1,110,1,1313,1,918,1,1236,1,803,1,117,1,143,0,143,0,155,0,155,0,1691,0,1691,0,649,0,649,0,404,0,404,0,1632,0,1632,0,1084,0,1084,0,1398,0,1398,0,953,0,953,0,884,0,884,0,1469,0,1469,0,177,0,177,0,957,0,957,0,250,0,250,0,740,0,740,0,1071,0,1071,0,296,0,296,0,277,0,277,0,722,0,722,0,304,0,304,0,639,1,821,1,801,0,325,0,1263,0,1186,0,1700,0,1468,0,874,0,654,1,1068,0,859,1,437,0,549,1,984,0,59,0,362,0,574,0,1666,0,921,1,910,0,1165,1,1201,1,1201,1,214,0,129,0,1015,1,808,0,412,1,1146,0,206,1,206,1,465,0,465,0,1308,1,938,0,
1268,0,1268,0,744,1,1200,1,725,1,725,1,534,0,1698,0,1060,0,1331,0,140,0,229,0,203,0,48,1,741,0,1235,0,247,0,1704,0,1334,0,379,1,379,1,283,0,438,0,898,0,414,1,1564,0,41,1,863,1,-1
--snap--

Init Chip (phase 2):
 H->clk0 L->clk0 H->clk0 L->clk0 H->clk0 L->clk0 H->clk0 L->clk0 H->clk0 L->clk0 H->clk0 L->clk0 H->clk0 L->clk0 H->clk0 L->clk0 H->res
Init Chip (phase 3):
 H->clk0 L->clk0
Bus read:  addr 504f -> data 00.
 H->clk0 L->clk0
Bus read:  addr 004f -> data 00.
 H->clk0 L->clk0
Bus read:  addr 004f -> data 00.
 H->clk0 L->clk0
Bus read:  addr 0100 -> data 00.
 H->clk0 L->clk0
Bus read:  addr 01ff -> data 00.
 H->clk0 L->clk0
Bus read:  addr 01fe -> data 00.
 H->clk0 L->clk0
Bus read:  addr fffc -> data 00.
 H->clk0 L->clk0
Bus read:  addr fffd -> data 00.
 H->clk0 L->clk0
Bus read:  addr 0000 -> data 20.
chip initialized.

 H->clk0 L->clk0
Bus read:  addr 0001 -> data 51.
 H->clk0 L->clk0
Bus read:  addr 01fd -> data 00.
 H->clk0 L->clk0 H->clk0
Bus write: addr 01fd <- data 00.
 L->clk0 H->clk0
Bus write: addr 01fc <- data 02.
 L->clk0
Bus read:  addr 0002 -> data 00.
 H->clk0 L->clk0
Bus read:  addr 0051 -> data a9.
 H->clk0 L->clk0
Bus read:  addr 0052 -> data 3e.
 H->clk0 L->clk0
Bus read:  addr 0053 -> data 85.
 H->clk0 L->clk0
Bus read:  addr 0054 -> data ff.
 H->clk0 L->clk0 H->clk0
Bus write: addr 00ff <- data 3e.
 L->clk0
Bus read:  addr 0055 -> data a9.
 H->clk0 L->clk0
Bus read:  addr 0056 -> data 20.
 H->clk0 L->clk0
Bus read:  addr 0057 -> data 85.
 H->clk0 L->clk0
Bus read:  addr 0058 -> data ff.
 H->clk0 L->clk0 H->clk0
Bus write: addr 00ff <- data 20.
 L->clk0
Bus read:  addr 0059 -> data 60.
 H->clk0 L->clk0
Bus read:  addr 005a -> data 00.
 H->clk0 L->clk0
Bus read:  addr 01fb -> data 00.
 H->clk0 L->clk0
Bus read:  addr 01fc -> data 02.
 H->clk0 L->clk0
Bus read:  addr 01fd -> data 00.
 H->clk0 L->clk0
Bus read:  addr 0002 -> data 00.
 H->clk0 L->clk0
Bus read:  addr 0003 -> data 20.
 H->clk0 L->clk0
Bus read:  addr 0004 -> data 4a.
 H->clk0 L->clk0
Bus read:  addr 01fd -> data 00.
 H->clk0 L->clk0 H->clk0
Bus write: addr 01fd <- data 00.
 L->clk0 H->clk0
Bus write: addr 01fc <- data 05.
 L->clk0
Bus read:  addr 0005 -> data 00.
 H->clk0 L->clk0
Bus read:  addr 004a -> data 20.
 H->clk0 L->clk0
Bus read:  addr 004b -> data 09.
 H->clk0 L->clk0
Bus read:  addr 01fb -> data 00.
 H->clk0 L->clk0 H->clk0
Bus write: addr 01fb <- data 00.
 L->clk0 H->clk0
Bus write: addr 01fa <- data 4c.
 L->clk0
Bus read:  addr 004c -> data 00.
 H->clk0 L->clk0
Bus read:  addr 0009 -> data a2.
 H->clk0 L->clk0
Bus read:  addr 000a -> data 00.
 H->clk0 L->clk0
Bus read:  addr 000b -> data bd.
 H->clk0 L->clk0
Bus read:  addr 000c -> data 17.
 H->clk0 L->clk0
Bus read:  addr 000d -> data 00.
 H->clk0 L->clk0
Bus read:  addr 0017 -> data 48.
 H->clk0 L->clk0
Bus read:  addr 000e -> data f0.
 H->clk0 L->clk0
Bus read:  addr 000f -> data 06.
 H->clk0 L->clk0
Bus read:  addr 0010 -> data 85.
 H->clk0 L->clk0
Bus read:  addr 0011 -> data ff.
 H->clk0 L->clk0 H->clk0
Bus write: addr 00ff <- data 48.
 L->clk0
Bus read:  addr 0012 -> data e8.
 H->clk0 L->clk0
Bus read:  addr 0013 -> data 4c.
 H->clk0 L->clk0
Bus read:  addr 0013 -> data 4c.
 H->clk0 L->clk0
Bus read:  addr 0014 -> data 0b.
 H->clk0 L->clk0
Bus read:  addr 0015 -> data 00.
 H->clk0 L->clk0
Bus read:  addr 000b -> data bd.
 H->clk0 L->clk0
Bus read:  addr 000c -> data 17.
 H->clk0 L->clk0
Bus read:  addr 000d -> data 00.
 H->clk0 L->clk0
Bus read:  addr 0018 -> data 65.
 H->clk0 L->clk0
Bus read:  addr 000e -> data f0.
 H->clk0 L->clk0
Bus read:  addr 000f -> data 06.
 H->clk0 L->clk0
Bus read:  addr 0010 -> data 85.
 H->clk0 L->clk0
Bus read:  addr 0011 -> data ff.
 H->clk0 L->clk0 H->clk0
Bus write: addr 00ff <- data 65.
 L->clk0
Bus read:  addr 0012 -> data e8.
 H->clk0 L->clk0
Bus read:  addr 0013 -> data 4c.
 H->clk0 L->clk0
Bus read:  addr 0013 -> data 4c.
 H->clk0 L->clk0
Bus read:  addr 0014 -> data 0b.
 H->clk0 L->clk0
Bus read:  addr 0015 -> data 00.
 H->clk0 L->clk0
Bus read:  addr 000b -> data bd.
